0: [[1, 256]]
1: [[0, 256], [2, 246]]
2: [[1, 246], [3, 256]]
3: [[2, 256], [4, 240], [35, 753], [883, 698]]
4: [[3, 240], [5, 256]]
5: [[4, 256], [6, 244]]
6: [[7, 245], [5, 244]]
7: [[6, 245], [8, 249], [890, 697]]
8: [[7, 249], [9, 265], [40, 754], [896, 698]]
9: [[8, 265], [899, 698]]
10: [[11, 265], [12, 248]]
11: [[10, 265]]
12: [[10, 248], [13, 236]]
13: [[12, 236], [14, 252]]
14: [[13, 252], [15, 239], [45, 788]]
15: [[14, 239], [16, 247], [46, 787]]
16: [[15, 247], [17, 253], [47, 789]]
17: [[16, 253], [18, 255], [48, 789]]
18: [[17, 255], [49, 777]]
19: [[20, 44], [986, 750], [987, 479]]
20: [[19, 44], [21, 219]]
21: [[22, 261], [20, 219], [989, 749]]
22: [[21, 261], [23, 260], [992, 750], [993, 427]]
23: [[22, 260], [24, 260]]
24: [[23, 260], [25, 261], [997, 751], [998, 708]]
25: [[24, 261], [26, 260], [1003, 752], [1004, 703]]
26: [[25, 260], [27, 262], [1009, 750], [1010, 712]]
27: [[26, 262], [28, 279]]
28: [[27, 279], [1014, 500]]
29: [[30, 273], [31, 239], [878, 758], [880, 257]]
30: [[29, 273], [525, 542]]
31: [[29, 239], [535, 472]]
32: [[33, 252]]
33: [[32, 252], [34, 248]]
34: [[33, 248], [35, 258]]
35: [[34, 258], [36, 239], [3, 753]]
36: [[35, 239], [37, 257]]
37: [[36, 257], [38, 245]]
38: [[39, 247], [37, 245]]
39: [[38, 247], [40, 250]]
40: [[39, 250], [41, 266], [8, 754], [897, 521]]
41: [[40, 266], [42, 265]]
42: [[41, 265], [904, 752], [906, 709]]
43: [[44, 242]]
44: [[43, 242], [45, 245]]
45: [[44, 245], [46, 244], [14, 788], [915, 709]]
46: [[45, 244], [47, 243], [15, 787], [918, 709]]
47: [[46, 243], [48, 257], [16, 789], [919, 709]]
48: [[47, 257], [49, 276], [17, 789], [920, 709]]
49: [[48, 276], [50, 277], [18, 777], [922, 710]]
50: [[49, 277], [51, 257]]
51: [[50, 257], [52, 258], [928, 749], [930, 711]]
52: [[51, 258], [53, 252], [71, 715]]
53: [[52, 252], [72, 710]]
54: [[55, 258]]
55: [[54, 258], [56, 263]]
56: [[55, 263]]
57: [[58, 255], [942, 269], [944, 431]]
58: [[57, 255], [59, 259]]
59: [[58, 259], [60, 258], [950, 275], [952, 432]]
60: [[59, 258], [61, 257], [959, 271], [960, 435]]
61: [[60, 257], [965, 562], [966, 435]]
62: [[63, 284], [1127, 749], [1129, 709]]
63: [[62, 284]]
64: [[65, 267]]
65: [[64, 267], [66, 257]]
66: [[65, 257], [67, 261]]
67: [[66, 261], [68, 262]]
68: [[67, 262], [69, 263]]
69: [[68, 263], [70, 280], [1307, 711]]
70: [[69, 280], [1310, 709]]
71: [[72, 257], [52, 715], [932, 166]]
72: [[71, 257], [73, 257], [53, 710]]
73: [[72, 257], [74, 257]]
74: [[73, 257]]
75: [[76, 280], [969, 709], [970, 508]]
76: [[75, 280], [77, 260], [974, 711]]
77: [[76, 260], [78, 261], [975, 709], [977, 507]]
78: [[77, 261], [79, 260]]
79: [[78, 260], [80, 260]]
80: [[79, 260], [81, 261], [980, 712], [981, 506]]
81: [[80, 261], [82, 260], [983, 711], [985, 506]]
82: [[81, 260], [986, 709], [988, 507]]
83: [[84, 261], [1009, 709], [1011, 507]]
84: [[83, 261], [85, 291]]
85: [[84, 291], [86, 280], [1015, 687], [1016, 529]]
86: [[85, 280], [87, 265]]
87: [[86, 265], [1022, 718], [1023, 507]]
88: [[89, 260], [1030, 710], [1032, 506]]
89: [[88, 260], [90, 261], [1040, 711], [1041, 507]]
90: [[89, 261], [91, 260]]
91: [[90, 260], [92, 260], [1044, 709], [1047, 507]]
92: [[91, 260], [1050, 507]]
93: [[94, 266]]
94: [[93, 266], [95, 244]]
95: [[94, 244], [96, 244], [1999, 1019]]
96: [[95, 244], [97, 243]]
97: [[96, 243], [98, 244], [596, 450]]
98: [[97, 244], [99, 244]]
99: [[98, 244], [100, 257], [598, 296], [2011, 1019]]
100: [[99, 257], [101, 279], [599, 216], [2014, 1019]]
101: [[100, 279], [557, 142], [2015, 1022]]
102: [[103, 258]]
103: [[102, 258], [104, 255], [2021, 652]]
104: [[103, 255], [105, 257], [937, 507], [2024, 747]]
105: [[104, 257], [106, 258], [614, 850]]
106: [[105, 258], [107, 277], [940, 507], [2028, 945]]
107: [[106, 277], [108, 276]]
108: [[107, 276], [109, 259], [941, 507], [204, 1018]]
109: [[108, 259], [110, 257]]
110: [[109, 257], [111, 257], [947, 507], [2040, 1021]]
111: [[110, 257], [112, 257], [949, 507], [2047, 1020]]
112: [[111, 257], [113, 258], [955, 506], [2051, 1018]]
113: [[112, 258], [114, 257], [963, 507], [2058, 1020]]
114: [[113, 257], [115, 277]]
115: [[114, 277]]
116: [[117, 259]]
117: [[116, 259], [118, 262], [2099, 1021]]
118: [[117, 262], [119, 259], [1001, 509], [2103, 1020]]
119: [[118, 259], [120, 261], [1007, 508], [2108, 1021]]
120: [[119, 261], [121, 260], [1012, 508], [2112, 1020]]
121: [[120, 260], [122, 280], [2117, 1020]]
122: [[121, 280], [123, 288], [1017, 509], [2119, 1022]]
123: [[122, 288]]
124: [[125, 259], [1042, 507]]
125: [[124, 259], [126, 262]]
126: [[125, 262], [127, 260]]
127: [[126, 260], [128, 261], [1051, 507]]
128: [[127, 261], [129, 259], [1058, 510]]
129: [[128, 259], [130, 260], [1065, 509]]
130: [[129, 260], [131, 262], [1070, 508]]
131: [[130, 262], [132, 258]]
132: [[131, 258], [133, 261], [1084, 504]]
133: [[132, 261], [134, 262], [1091, 507]]
134: [[133, 262], [135, 284], [1098, 506]]
135: [[134, 284], [136, 284]]
136: [[135, 284], [137, 263], [1105, 507]]
137: [[136, 263], [138, 264]]
138: [[137, 264], [139, 265]]
139: [[138, 265], [140, 263], [1117, 506]]
140: [[139, 263], [141, 263], [1125, 506]]
141: [[140, 263], [142, 289]]
142: [[141, 289], [143, 280]]
143: [[142, 280]]
144: [[145, 264]]
145: [[144, 264], [146, 265], [1144, 507]]
146: [[145, 265], [147, 268]]
147: [[146, 268], [148, 261]]
148: [[147, 261], [149, 279]]
149: [[148, 279], [150, 285], [1166, 505]]
150: [[149, 285], [151, 258]]
151: [[150, 258], [152, 261], [1177, 507]]
152: [[151, 261], [153, 257]]
153: [[152, 257], [154, 262], [1192, 510]]
154: [[153, 262], [155, 263]]
155: [[154, 263], [156, 266]]
156: [[155, 266], [157, 257]]
157: [[156, 257], [1210, 508]]
158: [[159, 262], [1258, 510]]
159: [[158, 262], [160, 281]]
160: [[159, 281], [161, 279], [1264, 508]]
161: [[160, 279], [162, 263]]
162: [[161, 263], [163, 262], [1272, 507]]
163: [[162, 262], [1278, 506]]
164: [[165, 159]]
165: [[164, 159], [1292, 511], [1497, 1020]]
166: [[167, 763], [168, 292]]
167: [[166, 763], [1298, 509], [1499, 1014]]
168: [[166, 292], [169, 281], [1503, 1019]]
169: [[168, 281], [170, 261], [1504, 1019]]
170: [[169, 261], [171, 261]]
171: [[170, 261]]
172: [[173, 259], [1319, 510], [1513, 1019]]
173: [[172, 259], [174, 259]]
174: [[173, 259], [175, 260]]
175: [[174, 260], [176, 259], [1325, 509], [1516, 1020]]
176: [[175, 259], [177, 260], [1328, 509], [1517, 1020]]
177: [[176, 260], [178, 270], [1518, 1021]]
178: [[177, 270], [1334, 510], [1519, 1019]]
179: [[180, 207], [557, 360]]
180: [[179, 207], [2017, 161]]
181: [[182, 150], [203, 260], [614, 530]]
182: [[181, 150], [183, 121], [203, 432], [204, 408]]
183: [[182, 121], [204, 275], [615, 572]]
184: [[185, 249], [191, 260]]
185: [[184, 249], [687, 126]]
186: [[187, 767]]
187: [[186, 767]]
188: [[189, 268], [190, 269], [775, 586]]
189: [[188, 268]]
190: [[188, 269], [196, 281], [1910, 538]]
191: [[184, 260], [196, 145]]
192: [[193, 247]]
193: [[192, 247], [1965, 272], [1966, 371]]
194: [[195, 508]]
195: [[194, 508], [2408, 261], [2410, 697]]
196: [[190, 281], [191, 145]]
197: [[198, 257], [212, 901], [2020, 761]]
198: [[197, 257], [199, 258]]
199: [[198, 258], [200, 257]]
200: [[199, 257], [201, 257]]
201: [[200, 257], [202, 257], [216, 900], [2021, 368]]
202: [[201, 257], [203, 257], [217, 901], [2024, 272]]
203: [[202, 257], [181, 260], [182, 432], [218, 901], [614, 169]]
204: [[183, 275], [182, 408], [108, 1018], [615, 154]]
205: [[206, 279], [717, 900], [719, 769]]
206: [[205, 279], [230, 281]]
207: [[208, 264], [1988, 899], [1989, 350]]
208: [[207, 264], [1990, 900], [1991, 698]]
209: [[210, 276], [265, 899]]
210: [[209, 276], [211, 258]]
211: [[210, 258], [212, 257], [2018, 899], [266, 900]]
212: [[211, 257], [213, 255], [197, 901], [267, 899]]
213: [[212, 255], [214, 257]]
214: [[213, 257], [215, 257]]
215: [[214, 257], [216, 255]]
216: [[215, 255], [217, 262], [201, 900], [271, 899]]
217: [[216, 262], [218, 252], [202, 901], [272, 898]]
218: [[217, 252], [203, 901]]
219: [[220, 257], [622, 524]]
220: [[219, 257], [560, 525]]
221: [[222, 255]]
222: [[221, 255], [223, 265]]
223: [[222, 265], [224, 260], [2095, 898], [625, 248]]
224: [[223, 260], [225, 260], [626, 260]]
225: [[224, 260], [226, 260], [627, 273]]
226: [[225, 260], [227, 261], [628, 293]]
227: [[226, 261], [228, 261], [2108, 897], [629, 328]]
228: [[227, 261], [229, 258], [2112, 900], [630, 389]]
229: [[228, 258], [230, 281], [2117, 900], [631, 462]]
230: [[229, 281], [206, 281], [2119, 899], [632, 574]]
231: [[232, 260], [233, 259], [302, 899], [1525, 899]]
232: [[231, 260], [301, 899], [1524, 900]]
233: [[231, 259], [234, 259]]
234: [[233, 259], [235, 261], [304, 899], [1527, 900]]
235: [[234, 261], [236, 259], [305, 901], [1528, 898]]
236: [[235, 259], [237, 258]]
237: [[236, 258], [238, 259]]
238: [[237, 259], [239, 279], [308, 900], [1531, 900]]
239: [[238, 279], [240, 280], [309, 899], [1532, 901]]
240: [[239, 280], [241, 259], [310, 899], [1533, 900]]
241: [[240, 259], [242, 262], [311, 899], [1534, 900]]
242: [[241, 262], [312, 898]]
243: [[244, 306], [254, 103], [1791, 235], [1792, 61]]
244: [[243, 306]]
245: [[246, 136], [251, 303]]
246: [[245, 136]]
247: [[248, 330]]
248: [[247, 330], [256, 166], [1445, 283], [1446, 139]]
249: [[250, 157], [252, 317]]
250: [[249, 157], [251, 162]]
251: [[250, 162], [245, 303], [1703, 120]]
252: [[249, 317]]
253: [[254, 186], [255, 290], [768, 333]]
254: [[253, 186], [243, 103]]
255: [[253, 290], [1979, 282], [1974, 163]]
256: [[248, 166], [781, 422], [782, 445]]
257: [[258, 180]]
258: [[257, 180], [278, 261]]
259: [[260, 70], [286, 262]]
260: [[259, 70], [261, 190]]
261: [[260, 190], [287, 260]]
262: [[263, 243], [2007, 899], [2008, 900]]
263: [[262, 243], [264, 258], [2012, 898], [320, 902]]
264: [[263, 258], [265, 276]]
265: [[264, 276], [209, 899], [322, 899]]
266: [[267, 259], [211, 900], [324, 899]]
267: [[266, 259], [268, 257], [212, 899], [325, 898]]
268: [[267, 257], [269, 257]]
269: [[268, 257], [270, 255], [326, 956]]
270: [[269, 255], [271, 257]]
271: [[270, 257], [272, 259], [216, 899], [2022, 901]]
272: [[271, 259], [273, 511], [217, 898]]
273: [[272, 511], [274, 277]]
274: [[273, 277]]
275: [[276, 260]]
276: [[275, 260], [277, 261], [626, 639]]
277: [[276, 261], [2100, 899], [627, 626]]
278: [[258, 261], [279, 262], [2244, 900], [2246, 459]]
279: [[278, 262], [280, 261], [2247, 900], [1648, 465]]
280: [[279, 261], [281, 262]]
281: [[280, 262], [282, 281]]
282: [[281, 281], [283, 282], [2249, 899], [1660, 460]]
283: [[282, 282], [284, 261], [1661, 459], [2252, 681]]
284: [[283, 261], [285, 261]]
285: [[284, 261], [286, 261]]
286: [[285, 261], [259, 262]]
287: [[261, 260], [288, 262]]
288: [[287, 262], [289, 284]]
289: [[288, 284], [290, 278], [2258, 899], [2259, 449]]
290: [[289, 278], [291, 264]]
291: [[290, 264], [292, 260], [2263, 900]]
292: [[291, 260], [293, 259]]
293: [[292, 259], [294, 267], [2265, 330]]
294: [[293, 267], [295, 236]]
295: [[294, 236], [296, 267], [2267, 899]]
296: [[295, 267], [297, 261], [2268, 899]]
297: [[296, 261], [298, 259], [2269, 899], [2270, 373]]
298: [[297, 259], [299, 279], [2276, 899], [2277, 416]]
299: [[298, 279], [300, 280], [2281, 900], [2282, 438]]
300: [[299, 280], [301, 260]]
301: [[300, 260], [302, 260], [232, 899]]
302: [[301, 260], [303, 259], [231, 899], [2288, 437]]
303: [[302, 259], [304, 260]]
304: [[303, 260], [305, 259], [234, 899], [2293, 437]]
305: [[304, 259], [306, 259], [235, 901]]
306: [[305, 259], [307, 260]]
307: [[306, 260], [308, 259]]
308: [[307, 259], [309, 280], [238, 900], [2308, 346]]
309: [[308, 280], [310, 279], [239, 899]]
310: [[309, 279], [311, 260], [240, 899], [540, 313]]
311: [[310, 260], [312, 260], [241, 899], [541, 312]]
312: [[311, 260], [313, 260], [242, 898], [542, 312]]
313: [[312, 260], [2324, 896], [543, 313]]
314: [[315, 88], [1387, 147], [1422, 236]]
315: [[314, 88], [316, 263], [1387, 139], [1585, 507]]
316: [[317, 286], [315, 263], [1992, 180], [1961, 512]]
317: [[316, 286], [1963, 509]]
318: [[319, 340]]
319: [[318, 340]]
320: [[321, 258], [263, 902], [2013, 900]]
321: [[320, 258], [322, 277]]
322: [[321, 277], [323, 272], [265, 899]]
323: [[322, 272], [324, 258]]
324: [[323, 258], [325, 263], [266, 899], [337, 900]]
325: [[324, 263], [326, 515], [267, 898], [338, 901]]
326: [[325, 515], [327, 251], [269, 956], [340, 900]]
327: [[326, 251], [341, 899]]
328: [[329, 280]]
329: [[328, 280], [330, 393]]
330: [[329, 393], [331, 269]]
331: [[330, 269], [332, 258]]
332: [[331, 258]]
333: [[334, 265], [1998, 289]]
334: [[333, 265]]
335: [[336, 277], [337, 257]]
336: [[335, 277]]
337: [[335, 257], [338, 257], [324, 900]]
338: [[337, 257], [339, 257], [325, 901], [352, 900]]
339: [[338, 257], [340, 257], [353, 901]]
340: [[339, 257], [341, 257], [326, 900], [354, 899]]
341: [[340, 257], [342, 255], [327, 899], [355, 900]]
342: [[341, 255]]
343: [[344, 260], [2088, 900], [2089, 900]]
344: [[343, 260], [345, 260], [2091, 898]]
345: [[344, 260], [346, 261], [2092, 900], [368, 900]]
346: [[345, 261]]
347: [[348, 260], [376, 280], [2125, 901], [2126, 938]]
348: [[347, 260], [391, 898], [2402, 261]]
349: [[350, 277]]
350: [[349, 277], [351, 260], [2016, 579]]
351: [[350, 260], [352, 253]]
352: [[351, 253], [353, 257], [338, 900]]
353: [[352, 257], [354, 258], [339, 901]]
354: [[353, 258], [355, 257], [340, 899]]
355: [[354, 257], [356, 257], [341, 900]]
356: [[355, 257]]
357: [[358, 262], [2039, 899]]
358: [[357, 262], [359, 255]]
359: [[358, 255], [360, 40]]
360: [[359, 40]]
361: [[362, 39]]
362: [[361, 39], [363, 212]]
363: [[364, 260], [362, 212]]
364: [[363, 260], [365, 277], [2070, 585]]
365: [[364, 277], [366, 281]]
366: [[365, 281], [367, 257], [2076, 899], [2078, 813]]
367: [[366, 257], [2085, 904], [2086, 723]]
368: [[369, 261], [345, 900]]
369: [[368, 261], [370, 260]]
370: [[369, 260], [371, 261], [2097, 899], [2098, 679]]
371: [[370, 261], [372, 260], [2101, 901], [2102, 674]]
372: [[371, 260], [373, 260], [2107, 900]]
373: [[372, 260], [374, 259], [2111, 899]]
374: [[373, 259], [375, 263], [2115, 899], [2116, 728]]
375: [[374, 263], [376, 280]]
376: [[375, 280], [347, 280], [2122, 899], [2123, 932]]
377: [[378, 68]]
378: [[377, 68], [379, 135]]
379: [[378, 135]]
380: [[381, 257]]
381: [[380, 257]]
382: [[383, 259]]
383: [[382, 259]]
384: [[385, 322], [386, 393]]
385: [[384, 322], [387, 257]]
386: [[384, 393], [390, 389], [873, 690]]
387: [[385, 257]]
388: [[389, 404], [1712, 579]]
389: [[388, 404], [390, 402], [876, 689], [1799, 580]]
390: [[389, 402], [386, 389], [877, 690], [1827, 579]]
391: [[392, 266], [720, 900], [348, 898]]
392: [[391, 266], [396, 256]]
393: [[394, 182], [418, 259]]
394: [[393, 182], [395, 337], [1850, 225], [1863, 423], [2343, 444]]
395: [[394, 337], [419, 42], [1863, 253]]
396: [[392, 256], [397, 262], [2127, 256], [2128, 899]]
397: [[396, 262], [2129, 896]]
398: [[399, 263], [2164, 224], [2165, 899]]
399: [[398, 263], [400, 264], [2168, 267], [2169, 899]]
400: [[399, 264], [401, 264], [2172, 348], [2173, 899]]
401: [[400, 264], [402, 267]]
402: [[401, 267], [403, 261], [638, 481], [2176, 904]]
403: [[402, 261], [404, 283]]
404: [[403, 283], [405, 285]]
405: [[404, 285], [641, 520], [830, 900]]
406: [[407, 279], [2313, 899]]
407: [[406, 279], [408, 260], [2315, 898], [2316, 438]]
408: [[407, 260], [409, 260], [2318, 900], [2319, 437]]
409: [[408, 260], [410, 259], [2321, 900], [2322, 437]]
410: [[409, 259], [411, 259], [2325, 899], [2326, 437]]
411: [[410, 259], [412, 260], [2327, 899], [2328, 441]]
412: [[411, 260], [413, 261], [2329, 901]]
413: [[412, 261], [2330, 899], [2331, 647]]
414: [[415, 261], [416, 259]]
415: [[414, 261], [2338, 897]]
416: [[414, 259], [417, 261], [2339, 900], [2340, 292]]
417: [[416, 261], [418, 257]]
418: [[417, 257], [393, 259]]
419: [[395, 42], [420, 302], [2349, 626]]
420: [[419, 302], [421, 283], [2353, 573], [1853, 364]]
421: [[420, 283], [438, 480]]
422: [[423, 263], [424, 254], [444, 459]]
423: [[422, 263]]
424: [[422, 254]]
425: [[426, 260]]
426: [[425, 260], [427, 130]]
427: [[426, 130], [429, 157]]
428: [[429, 240], [430, 257]]
429: [[428, 240], [427, 157], [448, 460]]
430: [[428, 257], [431, 242]]
431: [[430, 242], [432, 251]]
432: [[431, 251], [433, 283], [2376, 442]]
433: [[432, 283]]
434: [[435, 426], [436, 278]]
435: [[434, 426], [568, 550]]
436: [[434, 278], [437, 798], [1828, 256], [1829, 259]]
437: [[436, 798], [1713, 255], [1714, 255]]
438: [[439, 227], [421, 480], [1854, 945]]
439: [[438, 227], [440, 250], [2358, 460], [1855, 201]]
440: [[439, 250], [441, 246], [2362, 459], [1864, 279]]
441: [[440, 246], [442, 249], [2366, 460], [2367, 350]]
442: [[441, 249], [443, 246]]
443: [[442, 246]]
444: [[445, 259], [422, 459], [1871, 439]]
445: [[444, 259]]
446: [[447, 260]]
447: [[446, 260], [448, 290]]
448: [[447, 290], [449, 239], [429, 460], [1876, 440]]
449: [[448, 239], [450, 254]]
450: [[449, 254], [451, 245]]
451: [[450, 245]]
452: [[453, 272]]
453: [[452, 272], [454, 252]]
454: [[453, 252], [455, 251]]
455: [[454, 251], [456, 254], [881, 735]]
456: [[455, 254], [457, 241], [883, 735], [472, 745]]
457: [[456, 241], [458, 254]]
458: [[457, 254], [459, 247], [474, 746]]
459: [[458, 247], [460, 243], [475, 746]]
460: [[459, 243], [461, 250], [890, 735], [476, 749]]
461: [[460, 250], [462, 266], [896, 735], [477, 753]]
462: [[461, 266], [463, 266], [899, 736], [478, 751]]
463: [[462, 266], [464, 287], [905, 734]]
464: [[463, 287]]
465: [[466, 482]]
466: [[465, 482], [481, 267]]
467: [[468, 272], [469, 130]]
468: [[467, 272], [470, 252]]
469: [[467, 130]]
470: [[468, 252], [471, 252]]
471: [[470, 252], [472, 255], [482, 754], [882, 545]]
472: [[471, 255], [473, 240], [456, 745], [484, 756]]
473: [[472, 240], [474, 254]]
474: [[473, 254], [475, 248], [458, 746]]
475: [[474, 248], [476, 246], [459, 746], [487, 755]]
476: [[475, 246], [477, 247], [460, 749], [894, 418]]
477: [[476, 247], [478, 259], [461, 753]]
478: [[477, 259], [479, 271], [462, 751]]
479: [[478, 271], [480, 296]]
480: [[479, 296], [481, 285]]
481: [[480, 285], [466, 267]]
482: [[483, 253], [484, 255], [471, 754]]
483: [[482, 253]]
484: [[482, 255], [485, 240], [472, 756], [884, 675]]
485: [[484, 240], [486, 255]]
486: [[485, 255], [487, 247]]
487: [[486, 247], [488, 246], [475, 755]]
488: [[487, 246], [489, 512], [895, 593], [894, 332]]
489: [[488, 512], [490, 267], [903, 336]]
490: [[489, 267], [491, 283]]
491: [[490, 283]]
492: [[493, 450], [495, 445], [1970, 245], [1971, 260]]
493: [[492, 450]]
494: [[495, 190]]
495: [[494, 190], [492, 445]]
496: [[497, 222], [1466, 253]]
497: [[496, 222], [498, 475], [519, 194], [1423, 262]]
498: [[497, 475], [520, 280]]
499: [[500, 509]]
500: [[499, 509], [501, 429], [791, 224], [792, 264]]
501: [[500, 429], [504, 231]]
502: [[503, 231], [505, 338]]
503: [[502, 231]]
504: [[501, 231], [1424, 237]]
505: [[502, 338]]
506: [[507, 262]]
507: [[506, 262]]
508: [[509, 44]]
509: [[508, 44]]
510: [[511, 71], [512, 180]]
511: [[510, 71], [547, 303]]
512: [[510, 180]]
513: [[514, 16]]
514: [[513, 16]]
515: [[516, 360]]
516: [[515, 360], [517, 470], [1457, 204], [1458, 250]]
517: [[516, 470]]
518: [[519, 177], [1469, 233]]
519: [[518, 177], [497, 194], [1427, 215]]
520: [[521, 440], [498, 280], [1957, 216]]
521: [[520, 440]]
522: [[523, 660], [1461, 386], [1363, 786]]
523: [[522, 660], [1363, 217], [1364, 281]]
524: [[525, 156], [526, 122]]
525: [[524, 156], [527, 282], [30, 542]]
526: [[524, 122], [535, 290], [880, 219]]
527: [[525, 282], [533, 264], [1419, 606]]
528: [[529, 381], [531, 462]]
529: [[528, 381], [530, 329], [693, 285]]
530: [[529, 329], [534, 234], [1355, 280]]
531: [[532, 419], [528, 462], [1459, 300], [1356, 274]]
532: [[531, 419]]
533: [[527, 264]]
534: [[530, 234], [537, 264]]
535: [[526, 290], [536, 498], [31, 472]]
536: [[535, 498], [538, 175]]
537: [[538, 272], [534, 264]]
538: [[537, 272], [536, 175]]
539: [[540, 273]]
540: [[539, 273], [541, 269], [310, 313]]
541: [[540, 269], [542, 257], [311, 312]]
542: [[541, 257], [543, 258], [312, 312]]
543: [[542, 258], [544, 258], [313, 313]]
544: [[543, 258]]
545: [[546, 421], [547, 354]]
546: [[545, 421], [551, 48], [552, 160]]
547: [[545, 354], [511, 303], [1789, 163]]
548: [[549, 497], [553, 336], [1367, 407]]
549: [[548, 497], [550, 83]]
550: [[549, 83], [554, 172]]
551: [[546, 48], [555, 179], [1679, 283]]
552: [[546, 160], [554, 83]]
553: [[548, 336]]
554: [[550, 172], [552, 83]]
555: [[551, 179], [556, 439]]
556: [[555, 439]]
557: [[179, 360], [599, 288], [101, 142], [924, 362]]
558: [[559, 131]]
559: [[558, 131]]
560: [[220, 525]]
561: [[562, 206], [567, 265]]
562: [[561, 206]]
563: [[564, 78]]
564: [[563, 78]]
565: [[566, 82], [684, 407], [1772, 305]]
566: [[565, 82], [567, 207]]
567: [[566, 207], [561, 265]]
568: [[435, 550], [585, 484]]
569: [[570, 221], [571, 216]]
570: [[569, 221], [588, 249]]
571: [[569, 216], [587, 248], [1670, 265]]
572: [[573, 408], [574, 502]]
573: [[572, 408], [602, 169]]
574: [[572, 502], [585, 574], [1365, 591]]
575: [[576, 295], [577, 474]]
576: [[575, 295]]
577: [[575, 474]]
578: [[579, 105], [613, 228], [793, 600]]
579: [[578, 105]]
580: [[581, 250], [655, 262], [2242, 898], [2243, 477]]
581: [[580, 250]]
582: [[583, 214], [637, 297], [725, 798]]
583: [[582, 214], [584, 85]]
584: [[583, 85], [2134, 848], [2136, 35]]
585: [[568, 484], [574, 574], [1830, 176]]
586: [[587, 258], [1673, 266]]
587: [[586, 258], [571, 248]]
588: [[570, 249], [889, 406], [888, 752]]
589: [[590, 262], [891, 338], [893, 745]]
590: [[589, 262], [591, 283]]
591: [[590, 283], [592, 282], [900, 344], [902, 532]]
592: [[591, 282], [593, 318], [907, 340], [909, 418]]
593: [[592, 318], [912, 278]]
594: [[595, 248]]
595: [[594, 248], [596, 256]]
596: [[595, 256], [597, 256], [97, 450], [917, 563]]
597: [[596, 256], [598, 255]]
598: [[597, 255], [599, 270], [99, 296]]
599: [[598, 270], [557, 288], [100, 216]]
600: [[601, 85], [677, 452]]
601: [[600, 85], [602, 441]]
602: [[601, 441], [573, 169]]
603: [[604, 250], [1535, 238], [805, 567]]
604: [[603, 250], [605, 250], [1384, 197], [1381, 201]]
605: [[604, 250], [613, 260]]
606: [[607, 255], [665, 264]]
607: [[606, 255], [1451, 576]]
608: [[609, 431], [678, 579], [2382, 325]]
609: [[608, 431], [610, 356]]
610: [[609, 356], [679, 305]]
611: [[612, 551], [1496, 898]]
612: [[611, 551], [664, 260], [2256, 898]]
613: [[578, 228], [605, 260], [806, 593], [1936, 227]]
614: [[181, 530], [105, 850], [203, 169]]
615: [[183, 572], [616, 278], [204, 154], [2029, 746]]
616: [[615, 278], [617, 272]]
617: [[616, 272], [618, 271]]
618: [[617, 271], [619, 267], [2047, 432], [2048, 468]]
619: [[618, 267], [620, 266], [2051, 506], [2052, 394]]
620: [[619, 266], [621, 268], [2058, 576], [2059, 324]]
621: [[620, 268], [2064, 646], [2065, 255]]
622: [[219, 524], [623, 269]]
623: [[622, 269], [624, 262]]
624: [[623, 262], [625, 262]]
625: [[624, 262], [626, 261], [223, 248]]
626: [[625, 261], [627, 260], [224, 260], [276, 639]]
627: [[626, 260], [628, 263], [225, 273], [277, 626]]
628: [[627, 263], [629, 261], [226, 293], [2105, 606]]
629: [[628, 261], [630, 264], [227, 328], [2109, 573]]
630: [[629, 264], [631, 271], [228, 389], [2113, 510]]
631: [[630, 271], [632, 303], [229, 462], [2118, 437]]
632: [[631, 303], [633, 301], [230, 574], [2120, 325]]
633: [[632, 301]]
634: [[635, 309]]
635: [[634, 309], [636, 301]]
636: [[635, 301], [637, 299]]
637: [[636, 299], [582, 297], [724, 648]]
638: [[639, 267], [402, 481], [2177, 416]]
639: [[638, 267], [640, 283]]
640: [[639, 283], [641, 285]]
641: [[640, 285], [642, 264], [405, 520], [2179, 378]]
642: [[641, 264], [643, 263], [2181, 518], [2182, 380]]
643: [[642, 263], [644, 265], [2184, 516], [2185, 383]]
644: [[643, 265]]
645: [[646, 265]]
646: [[645, 265], [647, 258]]
647: [[646, 258], [648, 259], [2226, 449], [2227, 450]]
648: [[647, 259], [649, 262]]
649: [[648, 262], [650, 262]]
650: [[649, 262], [651, 264]]
651: [[650, 264], [652, 271], [2229, 486], [2230, 413]]
652: [[651, 271], [653, 309], [2232, 559], [2233, 339]]
653: [[652, 309], [654, 311], [2234, 685], [2235, 222]]
654: [[653, 311], [655, 438], [2237, 819]]
655: [[654, 438], [580, 262], [2240, 891], [2241, 486]]
656: [[657, 259]]
657: [[656, 259], [658, 261]]
658: [[657, 261], [659, 261]]
659: [[658, 261], [660, 262]]
660: [[659, 262], [661, 277]]
661: [[660, 277], [662, 1053]]
662: [[661, 1053], [663, 279]]
663: [[662, 279], [664, 260]]
664: [[663, 260], [612, 260], [2253, 899], [2254, 315]]
665: [[606, 264], [1451, 240]]
666: [[667, 121], [668, 137]]
667: [[666, 121]]
668: [[669, 287], [666, 137]]
669: [[668, 287], [670, 289]]
670: [[669, 289], [671, 238], [2371, 270], [1931, 248]]
671: [[670, 238], [672, 258]]
672: [[671, 258], [673, 242]]
673: [[672, 242], [674, 262]]
674: [[673, 262], [675, 183]]
675: [[674, 183], [676, 377]]
676: [[675, 377], [677, 438]]
677: [[676, 438], [600, 452]]
678: [[608, 579], [2379, 325], [2380, 386]]
679: [[610, 305], [680, 140]]
680: [[679, 140], [681, 145]]
681: [[680, 145], [682, 306]]
682: [[681, 306], [683, 147], [684, 288]]
683: [[682, 147]]
684: [[682, 288], [565, 407]]
685: [[686, 199]]
686: [[685, 199]]
687: [[185, 126], [688, 246]]
688: [[687, 246], [712, 226]]
689: [[690, 421]]
690: [[689, 421]]
691: [[692, 86], [711, 273]]
692: [[691, 86]]
693: [[529, 285], [705, 242], [1354, 415], [1355, 288]]
694: [[695, 264], [701, 265]]
695: [[694, 264], [696, 264]]
696: [[695, 264], [709, 247]]
697: [[698, 241], [1538, 307], [1417, 358]]
698: [[697, 241]]
699: [[700, 97], [702, 159]]
700: [[699, 97], [701, 171]]
701: [[700, 171], [694, 265], [1492, 442], [1489, 222]]
702: [[699, 159], [705, 252]]
703: [[704, 250]]
704: [[703, 250], [708, 250], [1892, 333], [1411, 375]]
705: [[693, 242], [702, 252]]
706: [[707, 239], [708, 236]]
707: [[706, 239], [1586, 352], [1587, 360]]
708: [[706, 236], [704, 250], [1715, 352], [1416, 376]]
709: [[696, 247], [710, 253]]
710: [[709, 253]]
711: [[691, 273], [1795, 315], [1418, 374]]
712: [[688, 226], [1965, 240], [2389, 401], [2390, 538]]
713: [[714, 179]]
714: [[713, 179], [716, 225]]
715: [[716, 112], [857, 132]]
716: [[715, 112], [714, 225], [1588, 439]]
717: [[205, 900], [718, 824]]
718: [[717, 824]]
719: [[205, 769]]
720: [[391, 900]]
721: [[722, 162], [755, 260]]
722: [[721, 162]]
723: [[724, 259]]
724: [[723, 259], [725, 261], [637, 648]]
725: [[724, 261], [726, 261], [582, 798]]
726: [[725, 261], [727, 266], [2136, 913]]
727: [[726, 266], [728, 254], [2140, 899]]
728: [[727, 254], [729, 260]]
729: [[728, 260], [730, 260], [2144, 897]]
730: [[729, 260], [731, 261], [2147, 897]]
731: [[730, 261], [732, 259], [2151, 898]]
732: [[731, 259], [733, 286], [2156, 895]]
733: [[732, 286], [734, 282], [2163, 899]]
734: [[733, 282], [735, 263], [2165, 897]]
735: [[734, 263], [736, 264], [2169, 898]]
736: [[735, 264], [737, 265], [2173, 898]]
737: [[736, 265], [738, 280]]
738: [[737, 280], [739, 1058], [2176, 896]]
739: [[738, 1058], [740, 285], [831, 898]]
740: [[739, 285], [741, 264], [832, 897]]
741: [[740, 264], [742, 264]]
742: [[741, 264], [743, 265], [834, 897]]
743: [[742, 265], [744, 284], [835, 898]]
744: [[743, 284], [836, 898]]
745: [[746, 290], [846, 899]]
746: [[745, 290], [747, 781]]
747: [[746, 781], [748, 256], [1650, 460]]
748: [[747, 256], [749, 261], [1651, 458]]
749: [[748, 261], [750, 262], [1652, 458]]
750: [[749, 262], [751, 261]]
751: [[750, 261], [752, 262], [1654, 458]]
752: [[751, 262], [753, 279], [1655, 462]]
753: [[752, 279], [754, 283], [1656, 459]]
754: [[753, 283], [755, 263], [1657, 458]]
755: [[754, 263], [721, 260], [1658, 458]]
756: [[757, 169], [764, 293], [1935, 252], [1937, 228]]
757: [[756, 169]]
758: [[759, 34]]
759: [[758, 34]]
760: [[761, 188]]
761: [[760, 188]]
762: [[763, 244]]
763: [[762, 244], [1536, 290]]
764: [[756, 293]]
765: [[766, 483], [767, 244], [1360, 221]]
766: [[765, 483]]
767: [[765, 244]]
768: [[253, 333], [769, 449], [1794, 239], [1974, 240]]
769: [[770, 405], [768, 449]]
770: [[769, 405], [773, 276], [1474, 254], [1475, 255]]
771: [[772, 344]]
772: [[771, 344]]
773: [[770, 276], [774, 375], [1431, 192], [1432, 262]]
774: [[773, 375]]
775: [[188, 586], [776, 495]]
776: [[777, 425], [775, 495], [1476, 264], [1477, 267]]
777: [[776, 425]]
778: [[779, 57], [780, 606]]
779: [[778, 57]]
780: [[778, 606]]
781: [[256, 422], [783, 449]]
782: [[256, 445]]
783: [[781, 449], [784, 153]]
784: [[783, 153], [787, 317], [1450, 230], [1475, 252]]
785: [[786, 198]]
786: [[785, 198]]
787: [[784, 317], [788, 317], [1425, 397], [1432, 272]]
788: [[787, 317], [789, 349]]
789: [[788, 349], [790, 103]]
790: [[789, 103]]
791: [[500, 224], [807, 229]]
792: [[500, 264], [801, 221]]
793: [[794, 219], [806, 244], [1584, 417], [578, 600]]
794: [[793, 219]]
795: [[796, 214], [797, 240]]
796: [[795, 214], [802, 240]]
797: [[795, 240], [807, 240], [1941, 523], [1942, 420]]
798: [[799, 265], [800, 276]]
799: [[798, 265], [801, 210]]
800: [[798, 276], [1579, 322]]
801: [[799, 210], [792, 221]]
802: [[796, 240], [803, 227], [867, 164], [868, 414]]
803: [[802, 227], [804, 230]]
804: [[805, 255], [803, 230]]
805: [[804, 255], [603, 567], [1537, 414]]
806: [[793, 244], [808, 259], [613, 593]]
807: [[791, 229], [797, 240], [1707, 520], [1708, 418]]
808: [[806, 259]]
809: [[810, 319], [1489, 110], [1490, 249]]
810: [[809, 319], [1489, 317], [1495, 538]]
811: [[812, 486]]
812: [[811, 486], [816, 450]]
813: [[814, 500], [820, 270]]
814: [[813, 500], [815, 392]]
815: [[814, 392]]
816: [[817, 531], [812, 450], [1821, 251], [1823, 250]]
817: [[816, 531]]
818: [[819, 618], [1409, 254], [1411, 242]]
819: [[818, 618], [820, 247], [1338, 428], [1340, 507]]
820: [[819, 247], [813, 270]]
821: [[822, 497]]
822: [[821, 497], [827, 439]]
823: [[824, 315], [826, 103], [827, 536]]
824: [[823, 315], [825, 360]]
825: [[824, 360], [1343, 239], [1412, 213]]
826: [[823, 103]]
827: [[823, 536], [822, 439]]
828: [[829, 252], [853, 261]]
829: [[828, 252]]
830: [[831, 254], [405, 900]]
831: [[830, 254], [832, 274], [2181, 900], [739, 898]]
832: [[831, 274], [833, 265], [2184, 900], [740, 897]]
833: [[832, 265], [834, 263]]
834: [[833, 263], [835, 264], [2188, 900], [742, 897]]
835: [[834, 264], [836, 284], [2191, 899], [743, 898]]
836: [[835, 284], [837, 281], [2196, 899], [744, 898]]
837: [[836, 281], [838, 262], [2200, 899], [2202, 898]]
838: [[837, 262], [839, 261], [2205, 899], [2207, 898]]
839: [[838, 261], [840, 263], [2209, 899], [2210, 898]]
840: [[839, 263], [841, 258]]
841: [[840, 258], [842, 259], [2212, 898], [2214, 899]]
842: [[841, 259], [843, 263]]
843: [[842, 263], [844, 263], [2219, 901], [2221, 896]]
844: [[843, 263], [845, 259]]
845: [[844, 259], [846, 280]]
846: [[845, 280], [847, 291], [2223, 898], [745, 899]]
847: [[846, 291], [848, 791]]
848: [[847, 791], [849, 1023], [1650, 440]]
849: [[848, 1023], [850, 271], [2229, 896], [1654, 443]]
850: [[849, 271], [851, 279], [2232, 900], [1655, 435]]
851: [[850, 279], [852, 282], [2234, 901], [1656, 438]]
852: [[851, 282], [853, 262], [2237, 898], [1657, 440]]
853: [[852, 262], [828, 261], [2240, 899], [1658, 440]]
854: [[855, 314], [856, 191]]
855: [[854, 314], [1350, 416]]
856: [[854, 191], [857, 253]]
857: [[715, 132], [856, 253]]
858: [[859, 186], [860, 191]]
859: [[858, 186], [1838, 41]]
860: [[858, 191]]
861: [[862, 438]]
862: [[861, 438], [863, 481]]
863: [[862, 481]]
864: [[865, 368]]
865: [[864, 368]]
866: [[867, 376]]
867: [[866, 376], [802, 164]]
868: [[802, 414], [872, 237], [2393, 242], [2394, 227]]
869: [[870, 297], [1436, 239], [1429, 202]]
870: [[869, 297], [871, 160]]
871: [[870, 160]]
872: [[868, 237]]
873: [[874, 409], [877, 385], [386, 690]]
874: [[873, 409], [1801, 331]]
875: [[876, 399], [1374, 85]]
876: [[875, 399], [877, 402], [389, 689]]
877: [[876, 402], [873, 385], [390, 690], [1829, 280]]
878: [[29, 758], [879, 694]]
879: [[878, 694]]
880: [[29, 257], [526, 219]]
881: [[455, 735]]
882: [[471, 545]]
883: [[3, 698], [456, 735]]
884: [[484, 675]]
885: [[886, 329]]
886: [[885, 329]]
887: [[888, 512], [1976, 1028]]
888: [[887, 512], [588, 752], [1906, 248], [893, 245]]
889: [[588, 406]]
890: [[7, 697], [460, 735]]
891: [[589, 338]]
892: [[893, 530], [1977, 1019]]
893: [[892, 530], [589, 745], [888, 245], [1908, 249]]
894: [[476, 418], [488, 332]]
895: [[488, 593]]
896: [[8, 698], [461, 735]]
897: [[40, 521], [898, 187]]
898: [[897, 187]]
899: [[9, 698], [462, 736]]
900: [[591, 344]]
901: [[902, 567], [1988, 1021]]
902: [[901, 567], [591, 532], [1908, 268], [909, 266]]
903: [[489, 336]]
904: [[42, 752], [905, 701]]
905: [[904, 701], [463, 734]]
906: [[42, 709], [907, 692]]
907: [[906, 692], [592, 340]]
908: [[909, 586], [1990, 1020]]
909: [[908, 586], [592, 418], [902, 266], [914, 291]]
910: [[911, 506], [912, 355]]
911: [[910, 506]]
912: [[593, 278], [910, 355]]
913: [[914, 600], [1993, 1020]]
914: [[913, 600], [909, 291]]
915: [[45, 709], [916, 507]]
916: [[915, 507], [917, 518]]
917: [[596, 563], [916, 518]]
918: [[46, 709], [1406, 278]]
919: [[47, 709], [1404, 285]]
920: [[48, 709], [921, 507]]
921: [[920, 507], [923, 279]]
922: [[49, 710], [923, 506]]
923: [[922, 506], [925, 511], [921, 279], [1540, 274]]
924: [[557, 362], [925, 514]]
925: [[923, 511], [924, 514], [1759, 276], [927, 277]]
926: [[927, 519]]
927: [[926, 519], [925, 277], [1760, 257]]
928: [[51, 749], [929, 705]]
929: [[928, 705], [931, 140]]
930: [[51, 711]]
931: [[929, 140]]
932: [[71, 166], [933, 340]]
933: [[932, 340], [1541, 258], [1542, 255]]
934: [[935, 507]]
935: [[934, 507], [936, 513]]
936: [[935, 513], [1761, 257], [1762, 257]]
937: [[104, 507], [938, 512]]
938: [[939, 512], [937, 512], [1764, 257], [1765, 256]]
939: [[938, 512], [1545, 257], [1546, 257]]
940: [[106, 507]]
941: [[108, 507], [1601, 277], [1602, 257]]
942: [[943, 482], [57, 269]]
943: [[942, 482]]
944: [[57, 431], [946, 278]]
945: [[946, 507], [948, 512], [1550, 257], [1551, 257]]
946: [[945, 507], [944, 278]]
947: [[110, 507], [948, 512], [1602, 257], [949, 256]]
948: [[945, 512], [947, 512], [1725, 257], [1726, 257]]
949: [[111, 507], [947, 256], [955, 258]]
950: [[951, 478], [59, 275]]
951: [[950, 478]]
952: [[59, 432], [954, 279]]
953: [[954, 501], [956, 512], [1551, 257], [961, 256]]
954: [[953, 501], [952, 279]]
955: [[112, 506], [956, 513], [949, 258], [963, 257]]
956: [[953, 512], [955, 513], [1726, 256], [964, 258]]
957: [[958, 193], [959, 282], [965, 254]]
958: [[957, 193]]
959: [[60, 271], [957, 282]]
960: [[60, 435], [962, 274]]
961: [[962, 507], [953, 256], [1552, 257]]
962: [[961, 507], [960, 274]]
963: [[113, 507], [964, 511], [955, 257], [1603, 257]]
964: [[963, 511], [956, 258], [1727, 255]]
965: [[61, 562], [957, 254], [967, 281]]
966: [[61, 435]]
967: [[968, 185], [969, 566], [965, 281], [1905, 277]]
968: [[967, 185]]
969: [[75, 709], [967, 566]]
970: [[75, 508], [971, 334], [1552, 277], [1553, 280]]
971: [[970, 334], [972, 179]]
972: [[971, 179], [973, 214]]
973: [[972, 214]]
974: [[76, 711]]
975: [[976, 748], [77, 709]]
976: [[975, 748]]
977: [[77, 507], [1553, 260], [1554, 260]]
978: [[979, 509], [2079, 1022]]
979: [[978, 509]]
980: [[80, 712]]
981: [[80, 506], [982, 510], [1555, 260], [985, 260]]
982: [[981, 510]]
983: [[984, 749], [81, 711]]
984: [[983, 749]]
985: [[81, 506], [981, 260], [988, 261]]
986: [[19, 750], [82, 709]]
987: [[19, 479]]
988: [[82, 507], [985, 261], [991, 261]]
989: [[21, 749], [990, 710]]
990: [[989, 710], [991, 507]]
991: [[990, 507], [988, 261], [1556, 261]]
992: [[22, 750]]
993: [[22, 427]]
994: [[995, 710], [996, 507]]
995: [[994, 710]]
996: [[994, 507], [1556, 260]]
997: [[24, 751], [999, 708]]
998: [[24, 708]]
999: [[997, 708], [1000, 506]]
1000: [[999, 506]]
1001: [[118, 509], [1002, 510], [1609, 260], [1007, 260]]
1002: [[1001, 510], [1732, 261]]
1003: [[25, 752], [1005, 708]]
1004: [[25, 703]]
1005: [[1003, 708], [1006, 505]]
1006: [[1005, 505], [1008, 513]]
1007: [[119, 508], [1008, 510], [1001, 260], [1012, 260]]
1008: [[1006, 513], [1007, 510]]
1009: [[26, 750], [83, 709]]
1010: [[26, 712]]
1011: [[83, 507], [1013, 512]]
1012: [[120, 508], [1007, 260]]
1013: [[1011, 512]]
1014: [[28, 500], [1015, 250]]
1015: [[85, 687], [1014, 250]]
1016: [[85, 529], [1018, 512]]
1017: [[122, 509], [1018, 510]]
1018: [[1016, 512], [1017, 510]]
1019: [[1020, 712], [1021, 502]]
1020: [[1019, 712]]
1021: [[1019, 502], [1022, 239]]
1022: [[87, 718], [1021, 239]]
1023: [[87, 507], [1026, 512]]
1024: [[1025, 510]]
1025: [[1024, 510], [1026, 509], [1034, 261]]
1026: [[1023, 512], [1025, 509], [1036, 264]]
1027: [[1028, 714], [1029, 375]]
1028: [[1027, 714], [1035, 202]]
1029: [[1027, 375]]
1030: [[88, 710], [1031, 318]]
1031: [[1030, 318]]
1032: [[88, 506], [1036, 513]]
1033: [[1034, 507]]
1034: [[1033, 507], [1036, 510], [1025, 261], [1042, 261]]
1035: [[1028, 202]]
1036: [[1032, 513], [1034, 510], [1026, 264], [1043, 255]]
1037: [[1038, 714], [1039, 435]]
1038: [[1037, 714]]
1039: [[1037, 435], [1040, 311]]
1040: [[89, 711], [1039, 311]]
1041: [[89, 507], [1043, 512]]
1042: [[124, 507], [1043, 509], [1034, 261], [1610, 260]]
1043: [[1041, 512], [1042, 509], [1036, 255], [1733, 261]]
1044: [[1045, 753], [91, 709]]
1045: [[1044, 753], [1046, 705]]
1046: [[1045, 705]]
1047: [[91, 507], [1048, 511], [1557, 260], [1050, 260]]
1048: [[1047, 511], [1049, 509], [1733, 260], [1052, 260]]
1049: [[1048, 509], [1610, 260], [1051, 260]]
1050: [[92, 507], [1052, 511], [1047, 260]]
1051: [[127, 507], [1052, 510], [1049, 260], [1058, 260]]
1052: [[1050, 511], [1051, 510], [1048, 260], [1059, 260]]
1053: [[1054, 750], [1056, 708]]
1054: [[1053, 750], [1055, 714]]
1055: [[1054, 714]]
1056: [[1053, 708], [1057, 507]]
1057: [[1056, 507], [1059, 513], [1064, 260]]
1058: [[128, 510], [1059, 508], [1051, 260], [1065, 260]]
1059: [[1057, 513], [1058, 508], [1052, 260], [1066, 260]]
1060: [[1061, 749], [1063, 717]]
1061: [[1060, 749], [1062, 713]]
1062: [[1061, 713]]
1063: [[1060, 717], [1064, 507]]
1064: [[1063, 507], [1066, 511], [1057, 260], [1069, 260]]
1065: [[129, 509], [1066, 509], [1058, 260], [1070, 261]]
1066: [[1064, 511], [1065, 509], [1059, 260], [1071, 260]]
1067: [[1068, 709], [1069, 507]]
1068: [[1067, 709]]
1069: [[1067, 507], [1071, 512], [1064, 260], [1076, 260]]
1070: [[130, 508], [1071, 509], [1065, 261], [1078, 259]]
1071: [[1069, 512], [1070, 509], [1066, 260], [1077, 261]]
1072: [[1073, 749], [1075, 708]]
1073: [[1072, 749], [1074, 713]]
1074: [[1073, 713]]
1075: [[1072, 708], [1076, 508]]
1076: [[1075, 508], [1077, 512], [1069, 260], [1083, 261]]
1077: [[1076, 512], [1078, 510], [1071, 261], [1085, 260]]
1078: [[1077, 510], [1070, 259], [1084, 260]]
1079: [[1080, 749], [1082, 708]]
1080: [[1079, 749], [1081, 713]]
1081: [[1080, 713]]
1082: [[1079, 708], [1083, 507]]
1083: [[1082, 507], [1085, 512], [1076, 261], [1090, 260]]
1084: [[132, 504], [1085, 509], [1078, 260], [1091, 262]]
1085: [[1083, 512], [1084, 509], [1077, 260], [1092, 261]]
1086: [[1087, 749], [1089, 705]]
1087: [[1086, 749], [1088, 713]]
1088: [[1087, 713]]
1089: [[1086, 705], [1090, 511]]
1090: [[1089, 511], [1092, 513], [1083, 260], [1097, 261]]
1091: [[133, 507], [1092, 509], [1084, 262], [1098, 259]]
1092: [[1090, 513], [1091, 509], [1085, 261], [1099, 261]]
1093: [[1094, 750], [1096, 711]]
1094: [[1093, 750], [1095, 712]]
1095: [[1094, 712]]
1096: [[1093, 711], [1097, 505]]
1097: [[1096, 505], [1099, 512], [1090, 261], [1558, 284]]
1098: [[134, 506], [1099, 510], [1091, 259], [1611, 284]]
1099: [[1097, 512], [1098, 510], [1092, 261], [1734, 283]]
1100: [[1101, 749], [1103, 710]]
1101: [[1100, 749], [1102, 713]]
1102: [[1101, 713], [1106, 1004]]
1103: [[1100, 710], [1104, 506]]
1104: [[1103, 506], [1107, 512], [1558, 284], [1108, 263]]
1105: [[136, 507], [1107, 509]]
1106: [[1102, 1004]]
1107: [[1104, 512], [1105, 509], [1734, 284], [1110, 263]]
1108: [[1109, 506], [1110, 512], [1104, 263], [1559, 264]]
1109: [[1108, 506]]
1110: [[1108, 512], [1111, 509], [1107, 263], [1735, 264]]
1111: [[1110, 509]]
1112: [[1113, 749], [1115, 709]]
1113: [[1112, 749], [1114, 713]]
1114: [[1113, 713], [1118, 803]]
1115: [[1112, 709], [1116, 507]]
1116: [[1115, 507], [1119, 512], [1559, 264], [1124, 264]]
1117: [[139, 506], [1119, 510]]
1118: [[1114, 803]]
1119: [[1116, 512], [1117, 510], [1735, 264], [1126, 264]]
1120: [[1121, 749], [1123, 709]]
1121: [[1120, 749], [1122, 713]]
1122: [[1121, 713]]
1123: [[1120, 709], [1124, 507]]
1124: [[1123, 507], [1126, 512], [1116, 264], [1130, 264]]
1125: [[140, 506], [1126, 510]]
1126: [[1124, 512], [1125, 510], [1119, 264], [1133, 263]]
1127: [[62, 749], [1128, 713]]
1128: [[1127, 713]]
1129: [[62, 709], [1130, 507]]
1130: [[1129, 507], [1133, 510], [1124, 264], [1560, 284]]
1131: [[1132, 335]]
1132: [[1131, 335]]
1133: [[1130, 510], [1134, 511], [1126, 263], [1736, 285]]
1134: [[1133, 511]]
1135: [[1136, 750], [1138, 710]]
1136: [[1135, 750], [1137, 711]]
1137: [[1136, 711]]
1138: [[1135, 710]]
1139: [[1140, 749], [1142, 710]]
1140: [[1139, 749], [1141, 713]]
1141: [[1140, 713], [1145, 745]]
1142: [[1139, 710], [1143, 507]]
1143: [[1142, 507], [1146, 512], [1562, 264], [1151, 264]]
1144: [[145, 507], [1146, 510]]
1145: [[1141, 745]]
1146: [[1143, 512], [1144, 510], [1738, 263]]
1147: [[1148, 749], [1150, 709]]
1148: [[1147, 749], [1149, 712]]
1149: [[1148, 712], [1152, 745]]
1150: [[1147, 709], [1151, 507]]
1151: [[1150, 507], [1143, 264], [1563, 264]]
1152: [[1153, 363], [1149, 745]]
1153: [[1152, 363]]
1154: [[1155, 749], [1157, 709]]
1155: [[1154, 749], [1156, 714]]
1156: [[1155, 714]]
1157: [[1154, 709]]
1158: [[1159, 749], [1160, 710]]
1159: [[1158, 749]]
1160: [[1158, 710]]
1161: [[1162, 750], [1164, 710]]
1162: [[1161, 750], [1163, 712]]
1163: [[1162, 712], [1167, 585]]
1164: [[1161, 710], [1165, 506]]
1165: [[1164, 506], [1169, 511]]
1166: [[149, 505], [1169, 511]]
1167: [[1168, 160], [1163, 585]]
1168: [[1167, 160]]
1169: [[1165, 511], [1166, 511], [1741, 285], [1742, 281]]
1170: [[1171, 710]]
1171: [[1170, 710]]
1172: [[1173, 750], [1175, 709]]
1173: [[1172, 750], [1174, 713]]
1174: [[1173, 713], [1178, 745]]
1175: [[1172, 709], [1176, 506]]
1176: [[1175, 506], [1179, 511], [1565, 262], [1184, 261]]
1177: [[151, 507], [1179, 512]]
1178: [[1174, 745]]
1179: [[1176, 511], [1177, 512], [1742, 260], [1185, 261]]
1180: [[1181, 751], [1183, 708]]
1181: [[1180, 751], [1182, 713]]
1182: [[1181, 713]]
1183: [[1180, 708], [1184, 507]]
1184: [[1183, 507], [1185, 510], [1176, 261], [1191, 261]]
1185: [[1184, 510], [1186, 511], [1179, 261], [1194, 260]]
1186: [[1185, 511]]
1187: [[1188, 751], [1190, 710]]
1188: [[1187, 751], [1189, 713]]
1189: [[1188, 713], [1193, 742]]
1190: [[1187, 710], [1191, 504]]
1191: [[1190, 504], [1194, 512], [1184, 261], [1566, 261]]
1192: [[153, 510], [1194, 510]]
1193: [[1189, 742]]
1194: [[1191, 512], [1192, 510], [1185, 260], [1743, 261]]
1195: [[1196, 750]]
1196: [[1195, 750], [1197, 713]]
1197: [[1196, 713]]
1198: [[1199, 750]]
1199: [[1198, 750]]
1200: [[1201, 754], [1203, 705]]
1201: [[1200, 754], [1202, 599]]
1202: [[1201, 599]]
1203: [[1200, 705], [1204, 507]]
1204: [[1203, 507], [1205, 512], [1567, 261], [1209, 261]]
1205: [[1204, 512], [1206, 510], [1744, 260]]
1206: [[1205, 510]]
1207: [[1208, 710], [1209, 506]]
1208: [[1207, 710]]
1209: [[1207, 506], [1211, 512], [1204, 261], [1215, 261]]
1210: [[157, 508], [1211, 509]]
1211: [[1209, 512], [1210, 509]]
1212: [[1213, 751], [1214, 709]]
1213: [[1212, 751]]
1214: [[1212, 709], [1215, 507]]
1215: [[1214, 507], [1218, 512], [1209, 261], [1222, 281]]
1216: [[1217, 507]]
1217: [[1216, 507], [1218, 510]]
1218: [[1215, 512], [1217, 510]]
1219: [[1220, 743], [1221, 716]]
1220: [[1219, 743]]
1221: [[1219, 716], [1222, 505]]
1222: [[1221, 505], [1215, 281]]
1223: [[1224, 750], [1225, 708]]
1224: [[1223, 750]]
1225: [[1223, 708]]
1226: [[1227, 510], [1230, 515]]
1227: [[1226, 510]]
1228: [[1229, 507]]
1229: [[1228, 507], [1230, 507], [1612, 263], [1235, 265]]
1230: [[1226, 515], [1229, 507], [1746, 263], [1234, 262]]
1231: [[1232, 707], [1233, 506]]
1232: [[1231, 707]]
1233: [[1231, 506], [1234, 509]]
1234: [[1233, 509], [1235, 511], [1230, 262], [1747, 262]]
1235: [[1234, 511], [1229, 265], [1614, 72]]
1236: [[1237, 754]]
1237: [[1236, 754], [1238, 574]]
1238: [[1237, 574]]
1239: [[1240, 758]]
1240: [[1239, 758]]
1241: [[1242, 506], [1245, 514]]
1242: [[1241, 506]]
1243: [[1244, 505]]
1244: [[1243, 505], [1249, 263]]
1245: [[1241, 514], [1747, 261], [1250, 262]]
1246: [[1247, 507], [1250, 513]]
1247: [[1246, 507]]
1248: [[1249, 507]]
1249: [[1248, 507], [1250, 508], [1244, 263], [1254, 260]]
1250: [[1246, 513], [1249, 508], [1245, 262], [1255, 262]]
1251: [[1252, 507], [1255, 511], [1256, 260]]
1252: [[1251, 507]]
1253: [[1254, 507]]
1254: [[1253, 507], [1249, 260], [1258, 261]]
1255: [[1251, 511], [1250, 262], [1259, 259]]
1256: [[1257, 507], [1259, 512], [1251, 260], [1568, 262]]
1257: [[1256, 507]]
1258: [[158, 510], [1259, 510], [1254, 261], [1615, 262]]
1259: [[1256, 512], [1258, 510], [1255, 259], [1748, 263]]
1260: [[1261, 750], [1262, 709]]
1261: [[1260, 750]]
1262: [[1260, 709], [1263, 507]]
1263: [[1262, 507], [1265, 514], [1568, 281], [1266, 281]]
1264: [[160, 508], [1265, 508], [1615, 280], [1616, 281]]
1265: [[1263, 514], [1264, 508], [1748, 280], [1749, 279]]
1266: [[1267, 507], [1263, 281], [1270, 262]]
1267: [[1266, 507]]
1268: [[1269, 751]]
1269: [[1268, 751]]
1270: [[1271, 507], [1273, 513], [1266, 262], [1277, 261]]
1271: [[1270, 507]]
1272: [[162, 507], [1273, 508], [1616, 261], [1278, 262]]
1273: [[1270, 513], [1272, 508], [1749, 263], [1279, 262]]
1274: [[1275, 752], [1276, 708]]
1275: [[1274, 752]]
1276: [[1274, 708], [1277, 507]]
1277: [[1276, 507], [1279, 511], [1270, 261], [1284, 262]]
1278: [[163, 506], [1279, 511], [1272, 262], [1286, 256]]
1279: [[1277, 511], [1278, 511], [1273, 262], [1287, 251]]
1280: [[1281, 750], [1283, 710]]
1281: [[1280, 750], [1282, 303]]
1282: [[1281, 303]]
1283: [[1280, 710], [1284, 506]]
1284: [[1283, 506], [1287, 508], [1277, 262], [1291, 261]]
1285: [[1286, 387]]
1286: [[1285, 387], [1287, 514], [1278, 256], [1292, 267]]
1287: [[1284, 508], [1286, 514], [1279, 251]]
1288: [[1289, 750], [1290, 709]]
1289: [[1288, 750]]
1290: [[1288, 709], [1291, 507]]
1291: [[1290, 507], [1293, 509], [1284, 261], [1297, 265]]
1292: [[165, 511], [1293, 512], [1286, 267], [1298, 272]]
1293: [[1291, 509], [1292, 512]]
1294: [[1295, 750], [1296, 709]]
1295: [[1294, 750]]
1296: [[1294, 709], [1297, 507]]
1297: [[1296, 507], [1299, 512], [1291, 265], [1569, 779]]
1298: [[167, 509], [1299, 509], [1292, 272], [1617, 765]]
1299: [[1297, 512], [1298, 509]]
1300: [[1301, 748], [1303, 710]]
1301: [[1300, 748], [1302, 713]]
1302: [[1301, 713]]
1303: [[1300, 710]]
1304: [[1305, 509], [1306, 528], [1752, 261], [1753, 262]]
1305: [[1304, 509], [1575, 261], [1576, 261]]
1306: [[1304, 528], [1623, 264], [1624, 258]]
1307: [[69, 711], [1308, 507]]
1308: [[1307, 507], [1309, 509], [1576, 261], [1311, 281]]
1309: [[1308, 509], [1753, 261], [1312, 281]]
1310: [[70, 709], [1311, 507]]
1311: [[1310, 507], [1312, 511], [1308, 281], [1318, 279]]
1312: [[1311, 511], [1313, 510], [1309, 281], [1320, 280]]
1313: [[1312, 510], [1625, 284], [1319, 279]]
1314: [[1315, 643]]
1315: [[1314, 643]]
1316: [[1317, 710], [1318, 507]]
1317: [[1316, 710]]
1318: [[1316, 507], [1320, 512], [1311, 279]]
1319: [[172, 510], [1320, 510], [1313, 279], [1626, 260]]
1320: [[1318, 512], [1319, 510], [1312, 280], [1754, 260]]
1321: [[1322, 705]]
1322: [[1321, 705]]
1323: [[1324, 470]]
1324: [[1323, 470]]
1325: [[175, 509], [1326, 510], [1627, 260], [1328, 259]]
1326: [[1327, 512], [1325, 510], [1755, 259], [1329, 260]]
1327: [[1326, 512]]
1328: [[176, 509], [1329, 512], [1325, 259], [1333, 259]]
1329: [[1330, 510], [1328, 512], [1326, 260], [1331, 263]]
1330: [[1329, 510]]
1331: [[1332, 506], [1333, 510], [1329, 263], [1756, 265]]
1332: [[1331, 506]]
1333: [[1331, 510], [1328, 259], [1334, 270]]
1334: [[178, 510], [1333, 270], [1336, 789]]
1335: [[1336, 501], [2280, 540]]
1336: [[1335, 501], [1334, 789]]
1337: [[1338, 176], [1339, 238]]
1338: [[1337, 176], [819, 428]]
1339: [[1337, 238], [1341, 706]]
1340: [[819, 507], [1677, 268]]
1341: [[1342, 340], [1339, 706]]
1342: [[1341, 340]]
1343: [[1344, 628], [825, 239]]
1344: [[1343, 628], [1418, 282]]
1345: [[1346, 1320]]
1346: [[1345, 1320]]
1347: [[1348, 352]]
1348: [[1347, 352], [1349, 361]]
1349: [[1348, 361], [1351, 461]]
1350: [[855, 416], [1351, 439]]
1351: [[1350, 439], [1349, 461]]
1352: [[1353, 477]]
1353: [[1352, 477], [1356, 425]]
1354: [[693, 415], [1356, 464]]
1355: [[693, 288], [1359, 258], [530, 280], [1491, 237]]
1356: [[1353, 425], [1354, 464], [531, 274], [1460, 238]]
1357: [[1358, 652]]
1358: [[1357, 652], [1359, 537]]
1359: [[1355, 258], [1358, 537]]
1360: [[765, 221]]
1361: [[1362, 231]]
1362: [[1361, 231]]
1363: [[523, 217], [522, 786], [1462, 418]]
1364: [[523, 281], [1365, 251], [1713, 335]]
1365: [[1364, 251], [1366, 549], [574, 591]]
1366: [[1365, 549]]
1367: [[548, 407], [1368, 240]]
1368: [[1367, 240], [1454, 85], [1456, 184]]
1369: [[1370, 285]]
1370: [[1369, 285]]
1371: [[1372, 499], [1373, 451]]
1372: [[1371, 499]]
1373: [[1371, 451]]
1374: [[1375, 1887], [875, 85], [1714, 200]]
1375: [[1374, 1887]]
1376: [[1377, 71]]
1377: [[1376, 71], [1396, 228]]
1378: [[1379, 241]]
1379: [[1378, 241], [1380, 366]]
1380: [[1379, 366]]
1381: [[1382, 378], [604, 201]]
1382: [[1381, 378], [1383, 412]]
1383: [[1382, 412], [1386, 227], [2398, 91], [2399, 247]]
1384: [[604, 197], [1385, 283]]
1385: [[1384, 283]]
1386: [[1383, 227], [1717, 239]]
1387: [[314, 147], [315, 139]]
1388: [[1389, 422]]
1389: [[1388, 422], [1482, 241]]
1390: [[1391, 123], [1392, 157]]
1391: [[1390, 123], [1393, 243]]
1392: [[1390, 157], [1394, 207]]
1393: [[1391, 243], [1846, 356]]
1394: [[1392, 207], [1395, 215]]
1395: [[1394, 215], [1397, 159]]
1396: [[1377, 228]]
1397: [[1395, 159], [1398, 292]]
1398: [[1397, 292], [1639, 260], [1640, 314]]
1399: [[1400, 193]]
1400: [[1399, 193], [1403, 83], [1676, 242]]
1401: [[1402, 260]]
1402: [[1401, 260], [1403, 426]]
1403: [[1402, 426], [1964, 82], [1400, 83]]
1404: [[919, 285], [1405, 219]]
1405: [[1404, 219]]
1406: [[918, 278], [1407, 232]]
1407: [[1406, 232], [1408, 226]]
1408: [[1407, 226]]
1409: [[818, 254], [1410, 254]]
1410: [[1409, 254], [1418, 224]]
1411: [[818, 242], [1416, 247], [704, 375]]
1412: [[825, 213], [1417, 287]]
1413: [[1414, 100], [1418, 274]]
1414: [[1413, 100]]
1415: [[1416, 238]]
1416: [[1415, 238], [1411, 247], [708, 376]]
1417: [[1412, 287], [697, 358]]
1418: [[1410, 224], [1413, 274], [711, 374], [1344, 282]]
1419: [[527, 606], [1421, 182]]
1420: [[1421, 181]]
1421: [[1420, 181], [1419, 182]]
1422: [[314, 236], [1443, 224], [1464, 455]]
1423: [[497, 262], [1442, 267], [1466, 236], [1985, 442]]
1424: [[504, 237], [1444, 229]]
1425: [[787, 397], [1426, 266]]
1426: [[1425, 266], [1434, 266], [1468, 354]]
1427: [[519, 215], [1443, 214], [1957, 476]]
1428: [[1429, 229], [1430, 261]]
1429: [[1428, 229], [869, 202]]
1430: [[1428, 261], [1444, 257], [1942, 458], [1943, 231]]
1431: [[773, 192], [1442, 69]]
1432: [[773, 262], [787, 272], [1475, 296], [1982, 342]]
1433: [[1434, 268], [1435, 265]]
1434: [[1433, 268], [1426, 266]]
1435: [[1433, 265], [1480, 419], [2411, 211]]
1436: [[869, 239], [1440, 252]]
1437: [[1438, 260], [1439, 235]]
1438: [[1437, 260]]
1439: [[1437, 235], [1441, 243]]
1440: [[1441, 238], [1436, 252]]
1441: [[1440, 238], [1439, 243]]
1442: [[1431, 69], [1423, 267], [1474, 257]]
1443: [[1422, 224], [1427, 214], [1488, 466]]
1444: [[1424, 229], [1430, 257], [1708, 388], [1709, 205]]
1445: [[248, 283], [1447, 445]]
1446: [[248, 139], [1449, 282]]
1447: [[1445, 445], [1448, 95]]
1448: [[1447, 95], [1450, 196]]
1449: [[1446, 282]]
1450: [[1448, 196], [1467, 277], [784, 230]]
1451: [[607, 576], [665, 240]]
1452: [[1453, 775], [2300, 266], [2305, 367]]
1453: [[1452, 775], [2311, 258]]
1454: [[1368, 85], [1455, 167]]
1455: [[1454, 167]]
1456: [[1368, 184], [1938, 293], [1939, 233]]
1457: [[516, 204]]
1458: [[516, 250], [1460, 251]]
1459: [[531, 300]]
1460: [[1356, 238], [1458, 251]]
1461: [[522, 386]]
1462: [[1363, 418], [1463, 330]]
1463: [[1462, 330]]
1464: [[1422, 455], [1465, 417], [1959, 225], [1488, 225]]
1465: [[1464, 417]]
1466: [[496, 253], [1474, 261], [1984, 235], [1423, 236]]
1467: [[1450, 277], [1468, 265]]
1468: [[1467, 265], [1479, 263], [1703, 603], [1426, 354]]
1469: [[518, 233], [1483, 215]]
1470: [[1471, 230], [1472, 256]]
1471: [[1470, 230], [1481, 210]]
1472: [[1470, 256], [1473, 60]]
1473: [[1472, 60]]
1474: [[770, 254], [1466, 261], [1793, 321], [1442, 257]]
1475: [[770, 255], [784, 252], [1980, 490], [1432, 296]]
1476: [[776, 264], [1480, 264]]
1477: [[776, 267], [1484, 279], [1911, 428], [1910, 495]]
1478: [[1479, 269], [1480, 265]]
1479: [[1478, 269], [1468, 263]]
1480: [[1478, 265], [1476, 264], [1435, 419], [2410, 496]]
1481: [[1471, 210], [1484, 28]]
1482: [[1389, 241], [1483, 225]]
1483: [[1482, 225], [1469, 215], [1485, 392]]
1484: [[1477, 279], [1481, 28]]
1485: [[1483, 392], [1486, 83]]
1486: [[1485, 83], [1487, 510]]
1487: [[1486, 510]]
1488: [[1443, 466], [1464, 225], [1957, 214]]
1489: [[809, 110], [701, 222], [810, 317]]
1490: [[809, 249], [1491, 249]]
1491: [[1355, 237], [1490, 249]]
1492: [[701, 442], [1494, 377]]
1493: [[1494, 337]]
1494: [[1493, 337], [1492, 377]]
1495: [[810, 538]]
1496: [[611, 898]]
1497: [[1498, 248], [1499, 264], [165, 1020]]
1498: [[1497, 248]]
1499: [[1497, 264], [1500, 259], [167, 1014], [2245, 292]]
1500: [[1499, 259], [1501, 262], [2248, 447]]
1501: [[1500, 262], [1502, 255]]
1502: [[1501, 255], [1503, 288]]
1503: [[1502, 288], [1504, 281], [168, 1019], [2249, 900]]
1504: [[1503, 281], [1505, 262], [169, 1019], [2251, 901]]
1505: [[1504, 262], [1506, 260]]
1506: [[1505, 260], [1507, 262]]
1507: [[1506, 262], [1508, 261]]
1508: [[1507, 261], [1509, 260]]
1509: [[1508, 260], [1510, 262]]
1510: [[1509, 262], [1511, 262]]
1511: [[1510, 262], [1512, 281]]
1512: [[1511, 281], [1513, 280], [2257, 1019], [2258, 900]]
1513: [[1512, 280], [1514, 260], [172, 1019], [2262, 899]]
1514: [[1513, 260], [1515, 259]]
1515: [[1514, 259], [1516, 260]]
1516: [[1515, 260], [1517, 259], [175, 1020], [2264, 900]]
1517: [[1516, 259], [1518, 260], [176, 1020], [2266, 900]]
1518: [[1517, 260], [1519, 264], [177, 1021], [2267, 898]]
1519: [[1518, 264], [1520, 255], [178, 1019], [2268, 900]]
1520: [[1519, 255], [1521, 259], [2269, 899]]
1521: [[1520, 259], [1522, 279], [2276, 900]]
1522: [[1521, 279], [1523, 278], [2281, 900], [2280, 485]]
1523: [[1522, 278], [1524, 261]]
1524: [[1523, 261], [1525, 259], [2286, 1020], [232, 900]]
1525: [[1524, 259], [1526, 265], [2287, 1025], [231, 899]]
1526: [[1525, 265], [1527, 258]]
1527: [[1526, 258], [1528, 257], [234, 900]]
1528: [[1527, 257], [1529, 254], [235, 898]]
1529: [[1528, 254], [1530, 263]]
1530: [[1529, 263], [1531, 261]]
1531: [[1530, 261], [1532, 279], [238, 900]]
1532: [[1531, 279], [1533, 277], [239, 901], [2314, 578]]
1533: [[1532, 277], [1534, 260], [240, 900]]
1534: [[1533, 260], [241, 900]]
1535: [[603, 238], [1536, 240]]
1536: [[1535, 240], [763, 290]]
1537: [[805, 414]]
1538: [[697, 307], [1539, 105]]
1539: [[1538, 105]]
1540: [[923, 274], [1541, 257]]
1541: [[1540, 257], [933, 258]]
1542: [[933, 255], [1543, 259]]
1543: [[1542, 259], [1544, 256]]
1544: [[1543, 256], [1545, 256]]
1545: [[1544, 256], [939, 257]]
1546: [[939, 257], [1547, 257]]
1547: [[1546, 257], [1548, 278]]
1548: [[1547, 278], [1549, 277]]
1549: [[1548, 277], [1550, 257]]
1550: [[1549, 257], [945, 257]]
1551: [[945, 257], [953, 257]]
1552: [[961, 257], [970, 277]]
1553: [[970, 280], [977, 260]]
1554: [[977, 260], [1555, 261]]
1555: [[1554, 261], [981, 260]]
1556: [[991, 261], [996, 260]]
1557: [[1047, 260]]
1558: [[1097, 284], [1104, 284]]
1559: [[1108, 264], [1116, 264]]
1560: [[1130, 284], [1561, 284]]
1561: [[1560, 284], [1562, 264]]
1562: [[1561, 264], [1143, 264]]
1563: [[1151, 264], [1564, 264]]
1564: [[1563, 264]]
1565: [[1176, 262]]
1566: [[1191, 261], [1567, 261]]
1567: [[1566, 261], [1204, 261]]
1568: [[1256, 262], [1263, 281]]
1569: [[1297, 779], [1570, 283]]
1570: [[1569, 283], [1571, 281]]
1571: [[1570, 281], [1572, 262]]
1572: [[1571, 262], [1573, 261]]
1573: [[1572, 261], [1574, 261]]
1574: [[1573, 261], [1575, 262]]
1575: [[1574, 262], [1305, 261]]
1576: [[1305, 261], [1308, 261]]
1577: [[1578, 284], [1580, 95]]
1578: [[1577, 284]]
1579: [[800, 322]]
1580: [[1577, 95], [1581, 446]]
1581: [[1580, 446]]
1582: [[1583, 149]]
1583: [[1582, 149]]
1584: [[793, 417]]
1585: [[315, 507], [1959, 337], [1961, 266]]
1586: [[707, 352], [1589, 501]]
1587: [[707, 360], [1588, 460]]
1588: [[716, 439], [1587, 460]]
1589: [[1586, 501], [1590, 451]]
1590: [[1589, 451]]
1591: [[1592, 355], [1593, 490]]
1592: [[1591, 355], [1599, 192]]
1593: [[1591, 490], [1595, 187], [2409, 230], [1897, 250]]
1594: [[1595, 313]]
1595: [[1594, 313], [1593, 187]]
1596: [[1597, 171], [1947, 540], [1600, 507]]
1597: [[1596, 171], [1598, 145]]
1598: [[1597, 145]]
1599: [[1592, 192], [1600, 265]]
1600: [[1599, 265], [1950, 248], [1596, 507], [1968, 445]]
1601: [[941, 277]]
1602: [[941, 257], [947, 257]]
1603: [[963, 257]]
1604: [[1605, 260]]
1605: [[1604, 260], [1606, 261]]
1606: [[1605, 261], [1607, 260]]
1607: [[1606, 260], [1608, 261]]
1608: [[1607, 261], [1609, 260]]
1609: [[1608, 260], [1001, 260]]
1610: [[1042, 260], [1049, 260]]
1611: [[1098, 284]]
1612: [[1613, 280], [1229, 263]]
1613: [[1612, 280]]
1614: [[1235, 72]]
1615: [[1258, 262], [1264, 280]]
1616: [[1264, 281], [1272, 261]]
1617: [[1298, 765], [1618, 291]]
1618: [[1617, 291], [1619, 282]]
1619: [[1618, 282], [1620, 261]]
1620: [[1619, 261], [1621, 261]]
1621: [[1620, 261], [1622, 264]]
1622: [[1621, 264], [1623, 259]]
1623: [[1622, 259], [1306, 264]]
1624: [[1306, 258], [1625, 260]]
1625: [[1624, 260], [1313, 284]]
1626: [[1319, 260], [1627, 258]]
1627: [[1626, 258], [1325, 260]]
1628: [[1629, 722], [1630, 231]]
1629: [[1628, 722], [1635, 245]]
1630: [[1628, 231], [1633, 253]]
1631: [[1632, 439]]
1632: [[1631, 439]]
1633: [[1630, 253], [1634, 286]]
1634: [[1633, 286], [1848, 373], [1778, 366]]
1635: [[1629, 245], [1638, 31]]
1636: [[1637, 677]]
1637: [[1636, 677]]
1638: [[1635, 31]]
1639: [[1398, 260], [1642, 298]]
1640: [[1398, 314], [1641, 460]]
1641: [[1640, 460]]
1642: [[1639, 298]]
1643: [[1644, 238], [1658, 261]]
1644: [[1643, 238]]
1645: [[1646, 95], [1647, 168]]
1646: [[1645, 95]]
1647: [[1645, 168], [1666, 260]]
1648: [[1649, 260], [1686, 287], [279, 465]]
1649: [[1648, 260], [1659, 262]]
1650: [[1651, 282], [747, 460], [848, 440]]
1651: [[1650, 282], [1652, 260], [748, 458]]
1652: [[1651, 260], [1653, 263], [749, 458]]
1653: [[1652, 263], [1654, 257]]
1654: [[1653, 257], [1655, 268], [751, 458], [849, 443]]
1655: [[1654, 268], [1656, 279], [752, 462], [850, 435]]
1656: [[1655, 279], [1657, 281], [753, 459], [851, 438]]
1657: [[1656, 281], [1658, 261], [754, 458], [852, 440]]
1658: [[1657, 261], [1643, 261], [755, 458], [853, 440]]
1659: [[1649, 262], [1660, 282]]
1660: [[1659, 282], [1661, 281], [282, 460], [1688, 428]]
1661: [[1660, 281], [1662, 261], [283, 459], [1689, 441]]
1662: [[1661, 261], [1663, 262]]
1663: [[1662, 262], [1664, 261]]
1664: [[1663, 261], [1665, 261]]
1665: [[1664, 261], [1666, 262]]
1666: [[1665, 262], [1647, 260]]
1667: [[1668, 546], [1673, 268]]
1668: [[1667, 546], [1669, 490]]
1669: [[1668, 490]]
1670: [[1671, 418], [1672, 247], [571, 265], [1967, 249]]
1671: [[1670, 418]]
1672: [[1670, 247], [1673, 259]]
1673: [[1672, 259], [1667, 268], [586, 266], [1975, 248]]
1674: [[1675, 241], [1678, 264]]
1675: [[1674, 241], [1676, 172]]
1676: [[1675, 172], [1400, 242]]
1677: [[1340, 268], [1678, 258]]
1678: [[1677, 258], [1674, 264]]
1679: [[1680, 202], [551, 283], [1788, 124]]
1680: [[1679, 202]]
1681: [[1682, 260], [1685, 279]]
1682: [[1681, 260]]
1683: [[1684, 127], [1695, 259]]
1684: [[1683, 127], [1685, 157]]
1685: [[1684, 157], [1681, 279], [2259, 450]]
1686: [[1648, 287], [1687, 298]]
1687: [[1686, 298], [1688, 322]]
1688: [[1687, 322], [1689, 283], [1660, 428]]
1689: [[1688, 283], [1690, 260], [1661, 441]]
1690: [[1689, 260], [1691, 262]]
1691: [[1690, 262], [1692, 261]]
1692: [[1691, 261], [1693, 262]]
1693: [[1692, 262], [1694, 260]]
1694: [[1693, 260], [1695, 264]]
1695: [[1694, 264], [1683, 259], [2256, 900]]
1696: [[1697, 274]]
1697: [[1696, 274], [1698, 281]]
1698: [[1697, 281], [1699, 541], [2250, 534]]
1699: [[1698, 541], [1700, 263]]
1700: [[1699, 263], [1701, 243]]
1701: [[1700, 243], [1702, 286]]
1702: [[1701, 286]]
1703: [[251, 120], [1468, 603]]
1704: [[1705, 260]]
1705: [[1704, 260], [1706, 265]]
1706: [[1705, 265]]
1707: [[807, 520]]
1708: [[807, 418], [1444, 388], [2400, 229], [1942, 240]]
1709: [[1444, 205]]
1710: [[1711, 352]]
1711: [[1710, 352]]
1712: [[388, 579], [2378, 207], [1799, 404]]
1713: [[437, 255], [1364, 335]]
1714: [[437, 255], [1374, 200]]
1715: [[708, 352], [1716, 502]]
1716: [[1715, 502]]
1717: [[1718, 496], [1912, 242], [1386, 239]]
1718: [[1717, 496]]
1719: [[1720, 444]]
1720: [[1719, 444], [1721, 410]]
1721: [[1720, 410], [1722, 814]]
1722: [[1721, 814]]
1723: [[1724, 279]]
1724: [[1723, 279], [1725, 256]]
1725: [[1724, 256], [948, 257]]
1726: [[948, 257], [956, 256]]
1727: [[964, 255]]
1728: [[1729, 261]]
1729: [[1728, 261], [1730, 260]]
1730: [[1729, 260], [1731, 261]]
1731: [[1730, 261], [1732, 259]]
1732: [[1731, 259], [1002, 261]]
1733: [[1043, 261], [1048, 260]]
1734: [[1099, 283], [1107, 284]]
1735: [[1110, 264], [1119, 264]]
1736: [[1133, 285], [1737, 283]]
1737: [[1736, 283], [1738, 265]]
1738: [[1737, 265], [1146, 263]]
1739: [[1740, 264]]
1740: [[1739, 264], [1741, 263]]
1741: [[1740, 263], [1169, 285]]
1742: [[1169, 281], [1179, 260]]
1743: [[1194, 261], [1744, 262]]
1744: [[1743, 262], [1205, 260]]
1745: [[1746, 280]]
1746: [[1745, 280], [1230, 263]]
1747: [[1234, 262], [1245, 261]]
1748: [[1259, 263], [1265, 280]]
1749: [[1265, 279], [1273, 263]]
1750: [[1751, 262]]
1751: [[1750, 262], [1752, 261]]
1752: [[1751, 261], [1304, 261]]
1753: [[1304, 262], [1309, 261]]
1754: [[1320, 260], [1755, 258]]
1755: [[1754, 258], [1326, 259]]
1756: [[1331, 265], [1757, 276]]
1757: [[1756, 276], [1758, 184]]
1758: [[1757, 184]]
1759: [[925, 276]]
1760: [[927, 257], [1761, 257]]
1761: [[1760, 257], [936, 257]]
1762: [[936, 257], [1763, 257]]
1763: [[1762, 257], [1764, 257]]
1764: [[1763, 257], [938, 257]]
1765: [[938, 256]]
1766: [[1767, 220]]
1767: [[1766, 220], [1847, 108]]
1768: [[1769, 20]]
1769: [[1768, 20]]
1770: [[1771, 470], [1775, 384]]
1771: [[1770, 470], [1772, 279], [1776, 401]]
1772: [[1771, 279], [565, 305], [1777, 385]]
1773: [[1774, 778], [1775, 271]]
1774: [[1773, 778]]
1775: [[1773, 271], [1776, 348], [1770, 384]]
1776: [[1775, 348], [1777, 279], [1771, 401]]
1777: [[1776, 279], [1772, 385], [2384, 283]]
1778: [[1779, 341], [1634, 366]]
1779: [[1778, 341]]
1780: [[1781, 297]]
1781: [[1780, 297], [1782, 373]]
1782: [[1781, 373], [1786, 338]]
1783: [[1784, 57]]
1784: [[1783, 57], [1785, 390]]
1785: [[1784, 390]]
1786: [[1782, 338], [1787, 17]]
1787: [[1786, 17], [1790, 79]]
1788: [[1679, 124], [1789, 397]]
1789: [[1788, 397], [547, 163]]
1790: [[1787, 79]]
1791: [[243, 235]]
1792: [[243, 61], [1794, 443]]
1793: [[1474, 321], [1794, 448]]
1794: [[1793, 448], [1792, 443], [768, 239], [1970, 238]]
1795: [[711, 315], [1796, 97], [1797, 538]]
1796: [[1795, 97]]
1797: [[1795, 538], [1798, 451], [1822, 274]]
1798: [[1797, 451]]
1799: [[389, 580], [1800, 580], [1712, 404], [1827, 400]]
1800: [[1799, 580]]
1801: [[874, 331], [1805, 408]]
1802: [[1803, 955]]
1803: [[1802, 955], [2339, 340], [2342, 951]]
1804: [[1805, 248], [1806, 192]]
1805: [[1804, 248], [1801, 408]]
1806: [[1804, 192]]
1807: [[1808, 268]]
1808: [[1807, 268], [1809, 283], [2220, 610]]
1809: [[1808, 283]]
1810: [[1811, 296], [2313, 489]]
1811: [[1810, 296], [1812, 258], [2315, 432]]
1812: [[1811, 258], [1813, 262]]
1813: [[1812, 262], [1814, 260], [2321, 427]]
1814: [[1813, 260], [1815, 266], [2325, 464]]
1815: [[1814, 266], [1816, 269], [2327, 488]]
1816: [[1815, 269], [1817, 273], [2329, 560]]
1817: [[1816, 273], [1818, 388], [2330, 641]]
1818: [[1817, 388], [2333, 929]]
1819: [[1820, 328]]
1820: [[1819, 328], [2338, 775]]
1821: [[816, 251], [1822, 250]]
1822: [[1821, 250], [1797, 274]]
1823: [[816, 250], [1892, 521], [1894, 450]]
1824: [[1825, 267], [1826, 243]]
1825: [[1824, 267]]
1826: [[1824, 243]]
1827: [[390, 579], [1831, 580], [1799, 400], [2380, 390]]
1828: [[436, 256], [1830, 254]]
1829: [[436, 259], [877, 280]]
1830: [[585, 176], [1828, 254]]
1831: [[1832, 430], [1827, 580]]
1832: [[1831, 430]]
1833: [[1834, 567]]
1834: [[1833, 567]]
1835: [[1836, 574], [1837, 907]]
1836: [[1835, 574], [1839, 508]]
1837: [[1835, 907]]
1838: [[859, 41]]
1839: [[1836, 508]]
1840: [[1841, 51]]
1841: [[1840, 51]]
1842: [[1843, 76]]
1843: [[1842, 76]]
1844: [[1845, 59]]
1845: [[1844, 59]]
1846: [[1393, 356], [1847, 340]]
1847: [[1767, 108], [1846, 340]]
1848: [[1634, 373], [1849, 298]]
1849: [[1848, 298]]
1850: [[394, 225], [1857, 97]]
1851: [[1852, 83], [1858, 176], [1921, 359]]
1852: [[1851, 83]]
1853: [[1854, 289], [1863, 281], [420, 364], [2355, 535]]
1854: [[1853, 289], [1855, 389], [438, 945], [2357, 439]]
1855: [[1854, 389], [1864, 256], [439, 201], [2361, 237]]
1856: [[1857, 165], [1862, 270]]
1857: [[1856, 165], [1850, 97]]
1858: [[1851, 176], [1886, 259]]
1859: [[1860, 276], [2334, 625], [1889, 273]]
1860: [[1859, 276], [1861, 279], [2335, 566]]
1861: [[1860, 279]]
1862: [[1856, 270]]
1863: [[394, 423], [1853, 281], [395, 253], [2351, 645]]
1864: [[1855, 256], [440, 279]]
1865: [[1866, 249]]
1866: [[1865, 249], [1867, 265]]
1867: [[1866, 265], [1868, 271]]
1868: [[1867, 271], [1869, 269]]
1869: [[1868, 269], [1870, 279]]
1870: [[1869, 279], [1871, 259]]
1871: [[1870, 259], [1872, 261], [444, 439], [1926, 391]]
1872: [[1871, 261], [1873, 140]]
1873: [[1872, 140], [1874, 127]]
1874: [[1875, 260], [1873, 127]]
1875: [[1874, 260], [1876, 289]]
1876: [[1875, 289], [1877, 239], [448, 440], [1931, 390]]
1877: [[1876, 239], [1878, 254]]
1878: [[1877, 254], [1879, 245]]
1879: [[1878, 245], [1880, 250]]
1880: [[1879, 250], [1881, 285]]
1881: [[1880, 285], [1882, 284]]
1882: [[1881, 284], [1883, 259]]
1883: [[1882, 259], [1884, 260]]
1884: [[1883, 260], [1885, 249]]
1885: [[1884, 249], [1886, 270]]
1886: [[1885, 270], [1858, 259]]
1887: [[1888, 260]]
1888: [[1887, 260], [1889, 264], [2332, 211]]
1889: [[1888, 264], [1859, 273]]
1890: [[1891, 24]]
1891: [[1890, 24]]
1892: [[704, 333], [1823, 521]]
1893: [[1894, 485]]
1894: [[1893, 485], [1823, 450]]
1895: [[1896, 547], [1897, 490]]
1896: [[1895, 547]]
1897: [[1895, 490], [1899, 500], [1593, 250], [1902, 250]]
1898: [[1899, 535]]
1899: [[1898, 535], [1897, 500]]
1900: [[1901, 547], [1902, 491]]
1901: [[1900, 547]]
1902: [[1900, 491], [1904, 502], [1897, 250], [2388, 236]]
1903: [[1904, 532]]
1904: [[1903, 532], [1902, 502]]
1905: [[967, 277]]
1906: [[888, 248], [1907, 168]]
1907: [[1906, 168], [1909, 217]]
1908: [[893, 249], [902, 268]]
1909: [[1907, 217], [1947, 465], [1967, 244]]
1910: [[190, 538], [1477, 495]]
1911: [[1477, 428]]
1912: [[1717, 242]]
1913: [[1914, 429]]
1914: [[1913, 429], [1915, 248]]
1915: [[1914, 248]]
1916: [[1917, 53], [1920, 49]]
1917: [[1916, 53]]
1918: [[1919, 278]]
1919: [[1918, 278]]
1920: [[1916, 49]]
1921: [[1851, 359], [1933, 285]]
1922: [[1923, 274]]
1923: [[1922, 274], [1924, 267]]
1924: [[1923, 267], [1925, 281]]
1925: [[1924, 281], [1926, 260]]
1926: [[1925, 260], [1927, 259], [2370, 352], [1871, 391]]
1927: [[1926, 259], [1928, 137]]
1928: [[1927, 137]]
1929: [[1930, 260]]
1930: [[1929, 260], [1931, 289]]
1931: [[1930, 289], [1932, 240], [670, 248], [1876, 390]]
1932: [[1931, 240]]
1933: [[1934, 270], [1921, 285]]
1934: [[1933, 270], [2377, 247]]
1935: [[756, 252]]
1936: [[613, 227], [1937, 271]]
1937: [[756, 228], [1936, 271]]
1938: [[1456, 293], [1940, 203]]
1939: [[1456, 233]]
1940: [[1938, 203]]
1941: [[797, 523]]
1942: [[797, 420], [1430, 458], [2392, 242], [1708, 240]]
1943: [[1430, 231]]
1944: [[1945, 426], [1946, 462]]
1945: [[1944, 426]]
1946: [[1944, 462]]
1947: [[1596, 540], [1909, 465]]
1948: [[1949, 261], [1952, 260], [1975, 250]]
1949: [[1948, 261]]
1950: [[1600, 248], [1951, 257]]
1951: [[1950, 257]]
1952: [[1948, 260], [2387, 272]]
1953: [[1954, 159], [1958, 323]]
1954: [[1953, 159]]
1955: [[1956, 523], [1962, 72]]
1956: [[1955, 523]]
1957: [[520, 216], [1488, 214], [1427, 476]]
1958: [[1953, 323], [1960, 311]]
1959: [[1464, 225], [1585, 337]]
1960: [[1958, 311]]
1961: [[1585, 266], [1963, 287], [316, 512]]
1962: [[1955, 72]]
1963: [[1961, 287], [317, 509]]
1964: [[1403, 82]]
1965: [[193, 272], [712, 240]]
1966: [[193, 371]]
1967: [[1670, 249], [1909, 244]]
1968: [[1969, 63], [1600, 445]]
1969: [[1968, 63], [1972, 241]]
1970: [[492, 245], [1794, 238], [1984, 450], [1987, 445]]
1971: [[492, 260]]
1972: [[1973, 229], [1969, 241]]
1973: [[1972, 229]]
1974: [[768, 240], [255, 163], [1980, 449]]
1975: [[1673, 248], [1948, 250]]
1976: [[887, 1028]]
1977: [[892, 1019], [1978, 153]]
1978: [[1977, 153], [1981, 204]]
1979: [[255, 282], [1981, 399]]
1980: [[1475, 490], [1974, 449]]
1981: [[1978, 204], [1979, 399]]
1982: [[1432, 342], [1983, 352]]
1983: [[1982, 352]]
1984: [[1466, 235], [1970, 450]]
1985: [[1423, 442], [1986, 454]]
1986: [[1985, 454]]
1987: [[1970, 445]]
1988: [[901, 1021], [207, 899]]
1989: [[207, 350]]
1990: [[908, 1020], [208, 900]]
1991: [[208, 698]]
1992: [[316, 180]]
1993: [[913, 1020], [1994, 899]]
1994: [[1993, 899], [1995, 900]]
1995: [[1994, 900]]
1996: [[1997, 901]]
1997: [[1996, 901]]
1998: [[333, 289]]
1999: [[95, 1019], [2000, 900]]
2000: [[1999, 900], [2001, 900]]
2001: [[2000, 900], [2002, 899]]
2002: [[2001, 899], [2003, 900]]
2003: [[2002, 900]]
2004: [[2005, 899]]
2005: [[2004, 899], [2006, 900]]
2006: [[2005, 900]]
2007: [[262, 899]]
2008: [[262, 900], [2009, 899]]
2009: [[2008, 899], [2010, 765]]
2010: [[2009, 765]]
2011: [[99, 1019], [2012, 899]]
2012: [[2011, 899], [263, 898]]
2013: [[320, 900]]
2014: [[100, 1019]]
2015: [[101, 1022]]
2016: [[350, 579]]
2017: [[180, 161]]
2018: [[211, 899]]
2019: [[2020, 259]]
2020: [[2019, 259], [197, 761]]
2021: [[103, 652], [201, 368]]
2022: [[271, 901], [2023, 370]]
2023: [[2022, 370]]
2024: [[104, 747], [202, 272]]
2025: [[2026, 551], [2027, 350]]
2026: [[2025, 551]]
2027: [[2025, 350]]
2028: [[106, 945]]
2029: [[2030, 900], [615, 746]]
2030: [[2029, 900]]
2031: [[2032, 417], [2035, 136]]
2032: [[2031, 417]]
2033: [[2034, 900]]
2034: [[2033, 900], [2035, 346]]
2035: [[2034, 346], [2031, 136]]
2036: [[2037, 899]]
2037: [[2036, 899], [2038, 407]]
2038: [[2037, 407], [2039, 494]]
2039: [[357, 899], [2038, 494]]
2040: [[110, 1021]]
2041: [[2042, 224]]
2042: [[2041, 224]]
2043: [[2044, 497]]
2044: [[2043, 497], [2045, 504]]
2045: [[2044, 504], [2046, 142]]
2046: [[2045, 142]]
2047: [[111, 1020], [618, 432]]
2048: [[2049, 899], [618, 468]]
2049: [[2048, 899], [2050, 899]]
2050: [[2049, 899]]
2051: [[112, 1018], [619, 506]]
2052: [[2053, 900], [619, 394]]
2053: [[2052, 900], [2054, 900]]
2054: [[2053, 900], [2055, 394]]
2055: [[2054, 394], [2057, 46]]
2056: [[2057, 759]]
2057: [[2056, 759], [2055, 46]]
2058: [[113, 1020], [620, 576]]
2059: [[2060, 899], [620, 324]]
2060: [[2059, 899], [2061, 897]]
2061: [[2060, 897], [2062, 398]]
2062: [[2061, 398], [2063, 147]]
2063: [[2062, 147]]
2064: [[621, 646]]
2065: [[2066, 896], [621, 255]]
2066: [[2065, 896], [2067, 900]]
2067: [[2066, 900], [2068, 413]]
2068: [[2067, 413], [2069, 486]]
2069: [[2068, 486], [2070, 312]]
2070: [[2069, 312], [364, 585]]
2071: [[2072, 1022]]
2072: [[2071, 1022], [2073, 785]]
2073: [[2072, 785]]
2074: [[2075, 899]]
2075: [[2074, 899]]
2076: [[2077, 900], [366, 899]]
2077: [[2076, 900]]
2078: [[366, 813]]
2079: [[978, 1022], [2080, 840]]
2080: [[2079, 840], [2081, 61]]
2081: [[2080, 61], [2082, 363]]
2082: [[2081, 363], [2083, 532]]
2083: [[2084, 899], [2082, 532]]
2084: [[2083, 899], [2085, 899]]
2085: [[2084, 899], [367, 904]]
2086: [[367, 723]]
2087: [[2088, 900]]
2088: [[2087, 900], [343, 900]]
2089: [[343, 900], [2090, 677]]
2090: [[2089, 677]]
2091: [[344, 898]]
2092: [[345, 900]]
2093: [[2094, 395]]
2094: [[2093, 395], [2095, 626]]
2095: [[223, 898], [2094, 626]]
2096: [[2097, 898]]
2097: [[2096, 898], [370, 899]]
2098: [[370, 679]]
2099: [[117, 1021]]
2100: [[277, 899], [2101, 900]]
2101: [[2100, 900], [371, 901]]
2102: [[371, 674]]
2103: [[118, 1020], [2104, 337]]
2104: [[2103, 337]]
2105: [[2106, 899], [628, 606]]
2106: [[2105, 899], [2107, 900]]
2107: [[2106, 900], [372, 900]]
2108: [[119, 1021], [227, 897]]
2109: [[2110, 899], [629, 573]]
2110: [[2109, 899], [2111, 900]]
2111: [[2110, 900], [373, 899]]
2112: [[120, 1020], [228, 900]]
2113: [[2114, 899], [630, 510]]
2114: [[2113, 899], [2115, 901]]
2115: [[2114, 901], [374, 899]]
2116: [[374, 728]]
2117: [[121, 1020], [229, 900]]
2118: [[631, 437]]
2119: [[122, 1022], [230, 899]]
2120: [[2121, 900], [632, 325]]
2121: [[2120, 900], [2122, 900]]
2122: [[2121, 900], [376, 899]]
2123: [[376, 932]]
2124: [[2125, 900]]
2125: [[2124, 900], [347, 901]]
2126: [[347, 938]]
2127: [[396, 256]]
2128: [[396, 899], [2403, 172]]
2129: [[397, 896]]
2130: [[2131, 14]]
2131: [[2130, 14]]
2132: [[2133, 901], [2405, 257], [2135, 265]]
2133: [[2132, 901]]
2134: [[584, 848], [2135, 901]]
2135: [[2134, 901], [2132, 265], [2139, 268]]
2136: [[584, 35], [726, 913]]
2137: [[2138, 693], [2139, 898]]
2138: [[2137, 693], [2140, 206]]
2139: [[2137, 898], [2141, 378], [2135, 268], [2150, 1024]]
2140: [[2138, 206], [727, 899]]
2141: [[2139, 378]]
2142: [[2143, 421]]
2143: [[2142, 421], [2144, 476]]
2144: [[2143, 476], [729, 897]]
2145: [[2146, 288]]
2146: [[2145, 288], [2147, 613]]
2147: [[2146, 613], [730, 897]]
2148: [[2149, 153], [2150, 901]]
2149: [[2148, 153], [2151, 745]]
2150: [[2148, 901], [2152, 520], [2139, 1024], [2155, 270]]
2151: [[2149, 745], [731, 898]]
2152: [[2150, 520]]
2153: [[2154, 26], [2156, 890]]
2154: [[2153, 26], [2155, 886]]
2155: [[2154, 886], [2157, 577], [2150, 270], [2160, 284]]
2156: [[2153, 890], [732, 895]]
2157: [[2155, 577]]
2158: [[2159, 270], [2160, 380]]
2159: [[2158, 270]]
2160: [[2158, 380], [2161, 765], [2155, 284]]
2161: [[2162, 137], [2160, 765]]
2162: [[2161, 137], [2163, 895]]
2163: [[2162, 895], [733, 899]]
2164: [[398, 224], [2166, 675]]
2165: [[398, 899], [734, 897]]
2166: [[2164, 675], [2167, 440]]
2167: [[2166, 440]]
2168: [[399, 267], [2170, 635]]
2169: [[399, 899], [735, 898]]
2170: [[2168, 635], [2171, 489]]
2171: [[2170, 489]]
2172: [[400, 348], [2174, 551]]
2173: [[400, 899], [736, 898]]
2174: [[2172, 551], [2175, 546]]
2175: [[2174, 546]]
2176: [[402, 904], [738, 896]]
2177: [[638, 416], [2178, 561]]
2178: [[2177, 561]]
2179: [[641, 378], [2180, 423], [2182, 263]]
2180: [[2179, 423]]
2181: [[642, 518], [831, 900]]
2182: [[642, 380], [2183, 393], [2179, 263], [2185, 264]]
2183: [[2182, 393]]
2184: [[643, 516], [832, 900]]
2185: [[643, 383], [2186, 469], [2182, 264], [2407, 266]]
2186: [[2185, 469]]
2187: [[2188, 509], [2189, 389]]
2188: [[2187, 509], [834, 900]]
2189: [[2187, 389], [2190, 710], [2407, 262], [2192, 263]]
2190: [[2189, 710]]
2191: [[835, 899]]
2192: [[2193, 410], [2194, 790], [2189, 263], [2197, 284]]
2193: [[2192, 410]]
2194: [[2192, 790]]
2195: [[2196, 470], [2197, 428]]
2196: [[2195, 470], [836, 899]]
2197: [[2195, 428], [2198, 792], [2192, 284]]
2198: [[2197, 792]]
2199: [[2200, 449], [2201, 449]]
2200: [[2199, 449], [837, 899]]
2201: [[2199, 449], [2203, 792]]
2202: [[837, 898]]
2203: [[2201, 792]]
2204: [[2205, 447], [2206, 452]]
2205: [[2204, 447], [838, 899]]
2206: [[2204, 452], [2208, 790]]
2207: [[838, 898]]
2208: [[2206, 790]]
2209: [[839, 899]]
2210: [[839, 898]]
2211: [[2212, 448], [2213, 451]]
2212: [[2211, 448], [841, 898]]
2213: [[2211, 451], [2215, 493]]
2214: [[841, 899]]
2215: [[2213, 493]]
2216: [[2217, 451]]
2217: [[2216, 451]]
2218: [[2219, 447], [2220, 451]]
2219: [[2218, 447], [843, 901]]
2220: [[2218, 451], [1808, 610]]
2221: [[843, 896]]
2222: [[2223, 448], [2224, 451]]
2223: [[2222, 448], [846, 898]]
2224: [[2222, 451], [2225, 572]]
2225: [[2224, 572]]
2226: [[647, 449]]
2227: [[647, 450], [2228, 573]]
2228: [[2227, 573]]
2229: [[651, 486], [849, 896]]
2230: [[651, 413], [2231, 476]]
2231: [[2230, 476]]
2232: [[652, 559], [850, 900]]
2233: [[652, 339]]
2234: [[653, 685], [851, 901]]
2235: [[653, 222], [2236, 465]]
2236: [[2235, 465]]
2237: [[654, 819], [852, 898]]
2238: [[2239, 455]]
2239: [[2238, 455]]
2240: [[655, 891], [853, 899]]
2241: [[655, 486]]
2242: [[580, 898]]
2243: [[580, 477]]
2244: [[278, 900], [2245, 612]]
2245: [[2244, 612], [1499, 292]]
2246: [[278, 459]]
2247: [[279, 900], [2248, 451]]
2248: [[2247, 451], [1500, 447]]
2249: [[282, 899], [1503, 900]]
2250: [[1698, 534]]
2251: [[1504, 901], [2252, 218]]
2252: [[2251, 218], [283, 681]]
2253: [[664, 899]]
2254: [[664, 315], [2255, 286]]
2255: [[2254, 286]]
2256: [[612, 898], [1695, 900]]
2257: [[1512, 1019]]
2258: [[289, 899], [1512, 900]]
2259: [[289, 449], [1685, 450]]
2260: [[2261, 776]]
2261: [[2260, 776]]
2262: [[1513, 899]]
2263: [[291, 900]]
2264: [[1516, 900]]
2265: [[293, 330]]
2266: [[1517, 900]]
2267: [[295, 899], [1518, 898]]
2268: [[296, 899], [1519, 900]]
2269: [[297, 899], [1520, 899]]
2270: [[297, 373]]
2271: [[2272, 34], [2275, 232]]
2272: [[2271, 34]]
2273: [[2274, 288]]
2274: [[2273, 288], [2275, 666]]
2275: [[2274, 666], [2271, 232]]
2276: [[298, 899], [1521, 900]]
2277: [[298, 416]]
2278: [[2279, 898]]
2279: [[2278, 898]]
2280: [[1335, 540], [1522, 485]]
2281: [[299, 900], [1522, 900]]
2282: [[299, 438]]
2283: [[2284, 37], [2285, 899]]
2284: [[2283, 37]]
2285: [[2283, 899]]
2286: [[1524, 1020]]
2287: [[1525, 1025]]
2288: [[302, 437]]
2289: [[2290, 547]]
2290: [[2289, 547], [2291, 352]]
2291: [[2290, 352], [2292, 684]]
2292: [[2291, 684]]
2293: [[304, 437], [2299, 247]]
2294: [[2295, 437]]
2295: [[2294, 437], [2296, 435]]
2296: [[2295, 435], [2297, 462]]
2297: [[2296, 462], [2298, 652]]
2298: [[2297, 652]]
2299: [[2293, 247]]
2300: [[2301, 437], [1452, 266]]
2301: [[2300, 437], [2302, 325]]
2302: [[2301, 325], [2303, 573]]
2303: [[2302, 573], [2304, 644]]
2304: [[2303, 644]]
2305: [[1452, 367]]
2306: [[2307, 794]]
2307: [[2306, 794]]
2308: [[308, 346]]
2309: [[2310, 898], [2312, 503]]
2310: [[2309, 898], [2311, 438]]
2311: [[2310, 438], [1453, 258]]
2312: [[2309, 503]]
2313: [[406, 899], [1810, 489]]
2314: [[1532, 578]]
2315: [[407, 898], [1811, 432]]
2316: [[407, 438], [2317, 463]]
2317: [[2316, 463]]
2318: [[408, 900]]
2319: [[408, 437], [2320, 462]]
2320: [[2319, 462]]
2321: [[409, 900], [1813, 427]]
2322: [[409, 437], [2323, 462]]
2323: [[2322, 462]]
2324: [[313, 896]]
2325: [[410, 899], [1814, 464]]
2326: [[410, 437]]
2327: [[411, 899], [1815, 488]]
2328: [[411, 441]]
2329: [[412, 901], [1816, 560]]
2330: [[413, 899], [1817, 641]]
2331: [[413, 647]]
2332: [[1888, 211]]
2333: [[2334, 900], [1818, 929]]
2334: [[2333, 900], [1859, 625]]
2335: [[1860, 566]]
2336: [[2337, 899]]
2337: [[2336, 899]]
2338: [[415, 897], [1820, 775]]
2339: [[416, 900], [1803, 340]]
2340: [[416, 292], [2341, 309]]
2341: [[2340, 309]]
2342: [[1803, 951]]
2343: [[394, 444], [2347, 232]]
2344: [[2345, 451], [2348, 581]]
2345: [[2344, 451], [2346, 834]]
2346: [[2345, 834]]
2347: [[2343, 232]]
2348: [[2344, 581]]
2349: [[419, 626]]
2350: [[2351, 506], [2352, 569]]
2351: [[2350, 506], [1863, 645]]
2352: [[2350, 569]]
2353: [[420, 573]]
2354: [[2355, 562]]
2355: [[2354, 562], [1853, 535]]
2356: [[2357, 649]]
2357: [[2356, 649], [1854, 439]]
2358: [[439, 460]]
2359: [[2360, 484]]
2360: [[2359, 484]]
2361: [[1855, 237]]
2362: [[440, 459]]
2363: [[2364, 329], [2365, 244]]
2364: [[2363, 329]]
2365: [[2363, 244]]
2366: [[441, 460]]
2367: [[441, 350], [2369, 93]]
2368: [[2369, 798]]
2369: [[2368, 798], [2367, 93]]
2370: [[1926, 352]]
2371: [[670, 270], [2372, 207]]
2372: [[2371, 207], [2375, 271]]
2373: [[2374, 279]]
2374: [[2373, 279], [2375, 281]]
2375: [[2372, 271], [2374, 281]]
2376: [[432, 442]]
2377: [[1934, 247]]
2378: [[1712, 207]]
2379: [[678, 325], [2381, 264]]
2380: [[678, 386], [1827, 390]]
2381: [[2379, 264]]
2382: [[608, 325], [2383, 263]]
2383: [[2382, 263]]
2384: [[2385, 404], [1777, 283]]
2385: [[2384, 404]]
2386: [[2387, 541], [2388, 491]]
2387: [[2386, 541], [1952, 272]]
2388: [[2386, 491], [2401, 503], [1902, 236], [2413, 263]]
2389: [[712, 401], [2391, 445]]
2390: [[712, 538], [2401, 529]]
2391: [[2389, 445]]
2392: [[2393, 213], [1942, 242]]
2393: [[2392, 213], [868, 242]]
2394: [[868, 227]]
2395: [[2396, 107], [2397, 154]]
2396: [[2395, 107]]
2397: [[2395, 154], [2399, 105]]
2398: [[1383, 91]]
2399: [[1383, 247], [2397, 105]]
2400: [[1708, 229]]
2401: [[2390, 529], [2388, 503]]
2402: [[348, 261]]
2403: [[2128, 172], [2404, 174]]
2404: [[2403, 174]]
2405: [[2406, 260], [2132, 257]]
2406: [[2405, 260]]
2407: [[2185, 266], [2189, 262]]
2408: [[195, 261]]
2409: [[1593, 230]]
2410: [[195, 697], [1480, 496]]
2411: [[1435, 211], [2412, 333]]
2412: [[2411, 333]]
2413: [[2388, 263]]
2414: [[2415, 244]]
2415: [[2414, 244], [2416, 241]]
2416: [[2415, 241]]
